1682703968.53681 0 0 0 0.00314669569786521 -0.00248064480822184 7.80589700943244e-06 0.999991972291072
1682703968.63907 -0.00201770849525928 0.000943828548770398 0.0016327437479049 0.00323782378439061 -0.00240065316473295 7.13578269130003e-05 0.999991874101777
1682703968.7343 -0.00230371067300439 0.00110619945917279 -2.09331265068613e-05 0.00300930116284481 -0.00235504109245318 -0.000124173724779922 0.999992691207716
1682703968.83841 -0.00166536599863321 0.00254563009366393 0.000375175848603249 0.00323667147104674 -0.00245969765674163 2.73130892195831e-05 0.999991736515468
1682703968.93613 -0.00215347413904965 0.00144540634937584 0.00123741035349667 0.00315024697428455 -0.00247551432569168 3.01421296053435e-05 0.999991973399925
1682703969.03541 -0.00213270308449864 0.00176269584335387 0.000551443779841065 0.00326435207437995 -0.00257164041785964 9.37366516820771e-05 0.999991360904951
1682703969.13495 -0.00266233272850513 0.00200489931739867 0.00194657791871578 0.00317707262310744 -0.00247440809763608 9.53409837473772e-05 0.999991887179196
1682703969.23723 -0.00190456712152809 0.00217469758354127 0.000758722133468837 0.0032327148769425 -0.00253079553984555 6.92958457062936e-05 0.99999156987774
1682703969.33601 -0.00275265797972679 0.00187222717795521 0.00221359729766846 0.00313946267089701 -0.00238342057054824 5.26079321989616e-05 0.999992230126278
1682703969.43559 -0.0021308355499059 0.00263118464499712 -0.000143693410791457 0.00317706102462884 -0.00230223063343235 3.83934225092677e-05 0.999992302242023
1682703969.53641 -0.00264003267511725 0.00256233592517674 0.00202652276493609 0.00319174467323156 -0.00236874618764149 5.1567128005815e-05 0.999992099542927
1682703969.63488 -0.00254089967347682 0.002648119116202 0.000256376020843163 0.00289703364742497 -0.00156413200621783 0.000141223530433937 0.999994570356773
1682703969.73832 -0.00364154297858477 0.00254882336594164 0.00445315800607204 0.00255043066914118 -2.22097332580911e-05 0.000219464323747857 0.999996723317402
1682703969.83774 0.00121652847155929 0.00366445537656546 0.00670406734570861 0.00133265513591864 0.00403026456403718 5.58988651306374e-05 0.999990988895975
1682703969.93783 0.00651152106001973 0.00548213021829724 0.00709315249696374 -0.00012052110734534 0.00664087108433897 0.000726233698778009 0.999977678196128
1682703970.0365 0.00414862623438239 0.00318497372791171 0.0062563382089138 -0.0013317349017089 0.0100026273070063 0.00283043689513453 0.99994507976993
1682703970.13611 0.0283009614795446 0.0131077291443944 -0.014016330242157 -0.00121696498948053 0.0297654216655126 0.0120848375275029 0.999483114100094
1682703970.2419 0.0244339667260647 0.0100234188139439 0.00404627807438374 -0.000984803246559572 0.0556152486341931 0.0245778197316354 0.998149239873057
1682703970.33852 0.00984087027609348 -0.00232794135808945 0.0173927191644907 0.000867564139737386 0.0555858700175021 0.0270301178181728 0.99808758689686
1682703970.43817 0.000781673064921051 -0.00307019450701773 0.00775520037859678 -0.00119971251008081 0.0564190336004547 0.0270626886169551 0.998039610547751
1682703970.53959 0.00172302743885666 -0.00136758817825466 0.00959293358027935 -0.0010688019598965 0.0603932298922975 0.0254819359299523 0.997848779318193
1682703970.63711 0.0030386948492378 -0.00325936661101878 0.014349052682519 -0.00226406017943982 0.0674863757718156 0.024054602926397 0.9974276110048
1682703970.73608 -0.00455545820295811 -0.00539407646283507 0.0110886329784989 -0.00238858759090491 0.0795608676853572 0.0223411400125441 0.996576758933005
1682703970.83765 0.00288169458508492 -0.00299138971604407 0.014174991287291 -0.00196522899822934 0.088040791732391 0.019181383061395 0.995930234208185
1682703970.93615 0.0116942962631583 0.00112695503048599 0.0144418086856604 -0.00250368232443886 0.0953746337436225 0.0199515531428499 0.995238336450257
1682703971.03489 0.0160390883684158 0.00121761090122163 0.014123453758657 -0.00147981130207224 0.103882781715465 0.0217260737060787 0.994351122865
1682703971.13815 0.0147299394011497 -0.000852140947245061 0.0222737677395344 -0.00118853952864868 0.105729154186397 0.0232680385423675 0.994121990356922
1682703971.23578 0.0158396288752556 0.000281485234154388 0.0168720204383135 -0.00218593640315167 0.110548965275287 0.0256589561996362 0.993536997763722
1682703971.43613 0.00739327678456903 -0.00244619511067867 0.0211967695504427 -0.00172904441845805 0.12456992492247 0.0219393117999916 0.991966738760908
1682703971.53938 0.00752894813194871 -0.00306402938440442 0.0218462664633989 -0.00191766157155968 0.135687532059534 0.0191886869896379 0.990563986075258
1682703971.63831 0.0147010330110788 -0.000373096379917115 0.0176176205277443 -0.00224331145584292 0.150277477406897 0.0158955767645499 0.988513519369995
1682703971.83898 0.0262897424399853 0.00140772201120853 0.0257412865757942 -0.0011366856051583 0.167250193740519 0.015692547119722 0.985788935119729
1682703971.93537 0.0283492244780064 0.00414302106946707 0.0214823540300131 -0.000916376151633505 0.167852190699443 0.0169734117015574 0.985665615524533
1682703972.03784 0.0443404130637646 0.00726023921743035 0.0274720788002014 0.00226621385988457 0.162160779627756 0.018808912071897 0.986582470273991
1682703972.23615 -0.00370299117639661 -0.016598729416728 0.0478248298168182 0.00322331335930158 0.131673772121245 0.017008600140092 0.991141935096899
1682703972.33696 -0.00155674491543323 -0.0203892253339291 0.0947076380252838 -0.00766547778424577 0.122284511449279 0.00171435779814877 0.992464004227504
1682703972.43971 0.00900468695908785 -0.0145933041349053 0.134835809469223 -0.0352728243265736 0.111521044481116 -0.0142459119281122 0.993033704611885
1682703972.63545 0.0100747589021921 0.0179347228258848 0.0596877224743366 -0.0756925338332212 0.0906178488393685 -0.0260343091892987 0.992663719765494
1682703972.73542 -0.00583197502419353 0.0196549352258444 0.0516086108982563 -0.0818008374583797 0.082866996098992 -0.0294067652072001 0.992762270691572
1682703972.93541 -0.00478561315685511 0.0244812481105328 -0.0671565160155296 -0.0596653622953695 0.0757862659335374 -0.0394780581147129 0.994554156074723
1682703973.13884 -0.0357935875654221 -0.00203079706989229 0.0698562264442444 -0.0473335551567365 0.0485449683527589 -0.0598054906741303 0.995904726311247
1682703973.23841 -0.0405893325805664 0.00312738353386521 0.0286633390933275 -0.0414224907326645 0.0279675312863992 -0.0768309603122864 0.995790639639045
1682703973.43667 -0.0777920782566071 -0.00475209625437856 0.108052432537079 -0.0253218594545489 -0.00866622091099025 -0.119328532343173 0.992494030922963
1682703973.53709 -0.0989838615059853 -0.0109329214319587 0.137886956334114 -0.0296880747096654 -0.0282363007472002 -0.144842695411076 0.988606050520733
1682703973.73917 -0.100194714963436 -0.0245685260742903 0.133857533335686 -0.0321164431748916 -0.0510137151535197 -0.185697541154457 0.980756115531898
1682703973.83558 -0.172307789325714 -0.0217850059270859 0.173454612493515 -0.0277808359443243 -0.0469239670332979 -0.197208512591506 0.978843791947182
1682703974.03979 -0.283841967582703 -0.0269604939967394 0.208420008420944 -0.0567491737505433 -0.0583238097293783 -0.312928435971281 0.946284131990941
1682703974.3378 -0.315233886241913 -0.128130167722702 0.114669159054756 -0.00158459504822952 -0.0749678916341014 -0.475761530905486 0.876372221144041
1682703974.53475 -0.392516881227493 -0.223366990685463 0.151827976107597 0.0422965209593224 -0.0881050696095021 -0.563986447895352 0.81998035806611
1682703974.73296 -0.464718014001846 -0.393826127052307 0.267909467220306 0.0374484641703537 -0.0787118596429056 -0.626015436878452 0.774923692032137
1682703975.03155 -0.535030841827393 -0.602355003356934 0.176623404026031 -0.000706688027179672 -0.106093057611972 -0.640765704177505 0.760370354543416
1682703975.23713 -0.614836990833282 -0.734238088130951 0.259829789400101 0.0197955685889863 -0.115764554570033 -0.668834376180563 0.734075800315334
1682703975.34028 -0.626206398010254 -0.80878359079361 0.26610192656517 0.0060881568426073 -0.118170384124726 -0.6911695146334 0.712939967110489
1682703975.54076 -0.624808728694916 -0.994634687900543 0.261807233095169 -0.0127543182635332 -0.111805961820881 -0.738341994924254 0.664972069186528
1682703975.83731 -0.597503125667572 -1.34062433242798 0.269547402858734 -0.0164365734165529 -0.0573116662710308 -0.778670835303169 0.624593421524615
1682703976.03195 -0.612244248390198 -1.54822075366974 0.264353901147842 -0.0316916116733617 -0.0661528414456653 -0.76755411977648 0.636773206512619
1682703976.24019 -0.619330823421478 -1.7675347328186 0.26501601934433 -0.0496979888435098 -0.0603090540803618 -0.746545119493321 0.660729379142131
1682703976.53575 -0.606880605220795 -2.06112480163574 0.258169651031494 -0.0267978946567062 -0.0807269155626263 -0.748119953574802 0.6580893351278
1682703976.73832 -0.576963305473328 -2.29133415222168 0.226372674107552 -0.0289180118485769 -0.11733301435806 -0.756717016079244 0.642476513118186
1682703976.93773 -0.543957650661469 -2.52292203903198 0.285084336996078 0.00254755117048251 -0.123060129081895 -0.765194996044501 0.631922726796432
1682703977.23399 -0.512157022953033 -2.9545841217041 0.316271960735321 -0.00161042009402385 -0.0816459472959855 -0.745788497101931 0.661158727861703
1682703977.43211 -0.45232680439949 -3.17516112327576 0.25128185749054 0.0139339598312872 -0.059642861916721 -0.708048617412268 0.703502472750721
1682703977.63435 -0.37276554107666 -3.38751196861267 0.25182032585144 0.0336418990127667 -0.0591008323997676 -0.679178460921888 0.730815936101727
1682703977.93633 -0.257392734289169 -3.67630434036255 0.221155732870102 0.0724839285869932 -0.0871302054595134 -0.68044231838234 0.72398388017113
1682703978.23594 -0.110229179263115 -4.00632095336914 0.258551329374313 0.058518855199754 -0.0937172364517038 -0.659536721662235 0.743507858705607
1682703978.43511 0.0212060119956732 -4.20756053924561 0.242791503667831 0.0398117675509262 -0.112720925598667 -0.611030802413038 0.782528194124103
1682703978.63577 0.143061831593513 -4.35776662826538 0.304856061935425 0.0334471966457203 -0.101735336590888 -0.577698877017967 0.809194175595364
1682703978.93942 0.408434897661209 -4.5314507484436 0.218352392315865 0.0211276571032643 -0.0941580903624724 -0.549734925965173 0.829746580166912
1682703979.13764 0.638976693153381 -4.66726398468018 0.260743916034698 0.020199413143945 -0.0476872394627921 -0.521758329320002 0.851519909741551
1682703979.33305 0.891574800014496 -4.77119874954224 0.182857364416122 0.022238128718311 -0.021227670786624 -0.459233101524011 0.887783650496403
1682703979.5341 1.119713306427 -4.80771780014038 0.125310957431793 0.0348956670797019 -0.0216506611177055 -0.352500175650914 0.934910245669767
1682703979.73687 1.29133605957031 -4.76719999313354 0.192398086190224 0.0387731192816074 0.0062334704610446 -0.262209531525264 0.964211569441317
1682703979.93509 1.49168586730957 -4.6762957572937 0.10071387887001 0.00829981554163465 0.0223813028229547 -0.192061484628239 0.981092542254969
1682703980.23418 1.81462419033051 -4.48527669906616 0.0548493266105652 0.0145319423818389 0.0456363363111464 -0.10244589470872 0.99358491640928
1682703980.53672 2.07170963287354 -4.237229347229 0.0192365143448114 0.0212466589483474 0.0731772315696174 0.0114032813577135 0.997027400545048
1682703980.73733 2.24984049797058 -4.05305957794189 0.0116444025188684 -0.0291934915685957 0.0664939289397943 0.0773461597607369 0.994356007189805
1682703980.93495 2.37681531906128 -3.80934858322144 -0.0745927095413208 -0.0143511040801546 0.0738359767560917 0.18121183320444 0.98056339206338
1682703981.13764 2.45301532745361 -3.61751389503479 -0.0620724000036716 0.0134697450321998 0.0751921699855037 0.258761036063351 0.962916107330779
1682703981.33443 2.51244068145752 -3.37124133110046 -0.0273025780916214 0.0140084843072586 0.075580965351079 0.318317878986712 0.944862428061045
1682703981.63554 2.5427143573761 -3.00314664840698 -0.041227675974369 0.0209582580191072 0.0744960564797146 0.419861953963387 0.904282604390808
1682703981.83434 2.53431630134583 -2.77012491226196 -0.00139290362130851 0.00598689934377831 0.063701684785882 0.510095377442238 0.857734783195685
1682703982.13699 2.41275405883789 -2.43815922737122 0.00623977929353714 -0.0105878519623831 0.0665093813890803 0.612580552502837 0.787533787385267
1682703982.23379 2.35663890838623 -2.35030460357666 -0.00240922532975674 -0.00227239147164276 0.0649864828665489 0.635678703375183 0.769210100919691
1682703982.43437 2.24999141693115 -2.15681004524231 0.0342950262129307 0.00353804765657716 0.0781740637373315 0.671178077501909 0.737154180791517
1682703982.63528 2.14489793777466 -1.95557713508606 0.0292384084314108 0.0086487701897196 0.0882970344503699 0.700666587577249 0.707951386420232
1682703982.93344 1.96813249588013 -1.67965340614319 0.0925501510500908 0.044229251828054 0.065729737354133 0.778881123420675 0.622147547201654
1682703983.13496 1.80512976646423 -1.54275143146515 0.13261541724205 0.0250274118489057 0.0681265485609264 0.82957796232286 0.55365404944385
1682703983.33479 1.61205291748047 -1.45511817932129 0.09786307066679 0.0387899285550328 0.0529746631159052 0.858938873507502 0.507851393705005
1682703983.5448 1.38409316539764 -1.34743213653564 0.149497151374817 0.0342056800193931 0.0615419238286836 0.874045177721753 0.480715706387076
1682703983.73753 1.14403033256531 -1.25408315658569 0.10967031121254 0.0235315631209544 0.0728014122070557 0.89885108566046 0.431523980474731
1682703983.93558 0.877194285392761 -1.18429601192474 0.169733926653862 0.0276448174482061 0.0998855061739526 0.943370577021976 0.315135850283418
1682703984.23852 0.540228724479675 -1.16458237171173 0.264105588197708 0.0205924835747376 0.0759532352749861 0.966360736535634 0.244855023542082
1682703984.53728 0.147576943039894 -1.15603935718536 0.218246340751648 0.0492962411992815 0.038947884611513 0.96298661453246 0.262125395792207
1682703984.83564 -0.251023411750793 -1.08294284343719 0.238171726465225 0.0544320840214546 0.0426906665843257 0.954527284101437 0.289986756803827
1682703985.0346 -0.523319184780121 -1.04434382915497 0.27080363035202 0.0566915412533523 0.0166143993831173 0.969060257921576 0.239650260589106
1682703985.33727 -0.863043785095215 -1.01362347602844 0.306958198547363 0.0598616829464619 -0.0126310786197604 0.964130741005691 0.25828075618508
1682703985.6348 -1.27153491973877 -0.918720543384552 0.193421259522438 0.0189682811520179 -0.00484362575034916 0.949617520227956 0.312799151015212
1682703985.83637 -1.52301979064941 -0.828924059867859 0.204108640551567 -0.00343441261789523 0.0259458640568413 0.937081802699191 0.348127436434344
1682703986.03633 -1.79967820644379 -0.721135079860687 0.194412022829056 -0.00514825667306165 0.0129487459969346 0.936791084027481 0.349611627834305
1682703986.33375 -2.13692879676819 -0.587016582489014 0.209929004311562 0.0285331920790149 0.0381859997439332 0.92540661998787 0.375965788411611
1682703986.53525 -2.34275507926941 -0.503773987293243 0.232269003987312 0.0494444434570031 0.0413939380156745 0.902100914312227 0.426679890906316
1682703986.83855 -2.66903567314148 -0.280472666025162 0.227182075381279 0.0249198667377922 0.0290186050464841 0.840541217128505 0.540395580210514
1682703987.03667 -2.89400291442871 -0.0952635258436203 0.227388709783554 0.0442048749232169 0.0468838729970616 0.808146029398579 0.585446689847273
1682703987.23414 -3.01147627830505 0.0591167397797108 0.21540667116642 0.0432162746648596 0.0323342330092788 0.772273434534071 0.632993359596088
1682703987.43353 -3.16402101516724 0.22825200855732 0.190407603979111 0.0361556553136427 0.0385946824963889 0.732077065219074 0.679165951481721
1682703987.53644 -3.21525764465332 0.31045851111412 0.156164020299911 0.0382923223985594 0.0409783845603767 0.696822029098568 0.715047921336117
1682703987.73758 -3.30709767341614 0.496652334928513 0.0624145492911339 0.0440349260136412 0.0786605635796944 0.621928879229592 0.777867540271814
1682703987.93889 -3.34369111061096 0.67229175567627 0.0822181552648544 0.0375637123154791 0.109497155295656 0.541745512365073 0.832532966513364
1682703988.13421 -3.33298420906067 0.869198858737946 0.0717865750193596 0.0658396336893654 0.105083478783445 0.47923502082634 0.868882270469364
1682703988.43316 -3.27294373512268 1.15214955806732 0.0350111871957779 0.046996126776611 0.109120609928871 0.396368839712789 0.910371242659546
1682703988.63697 -3.2133674621582 1.30833256244659 -0.0324719399213791 0.0290465565052169 0.102348085574657 0.279550438186574 0.954218381422244
1682703988.83408 -3.11829710006714 1.48923790454865 -0.111490860581398 0.0409054019682869 0.12615663641171 0.160654014518175 0.978060089564179
1682703989.03563 -2.9436559677124 1.62624037265778 -0.129023969173431 0.062374152991862 0.133042905442517 0.0659576251971319 0.986944092655869
1682703989.23374 -2.7367856502533 1.74204790592194 -0.0498188249766827 0.077821236420751 0.109523071577072 -0.00477082729077276 0.990921687703539
1682703989.53407 -2.43669390678406 1.90816676616669 -0.081886500120163 0.0677100880742164 0.125509102764992 -0.085198718216135 0.986105464699611
1682703989.83671 -2.12642216682434 2.04459476470947 -0.111728504300117 0.0887888014993369 0.0824700909909102 -0.184546105465829 0.975324544845283
1682703990.03675 -1.90000295639038 2.08269762992859 -0.0121520170941949 0.0885083032019365 0.0806031515710968 -0.238163501144202 0.96381925636701
1682703990.23548 -1.66277205944061 2.0666835308075 0.0228425152599812 0.0821414883529765 0.0549349488261099 -0.264327188204087 0.959357110186166
1682703990.43536 -1.43220162391663 2.05107927322388 0.0594974234700203 0.0649760372630699 0.030680512012098 -0.280934527751795 0.957033234470538
1682703990.73502 -1.11269319057465 2.04623627662659 0.151389539241791 0.0328117120677826 -0.00811870209898297 -0.327594947670829 0.944213444348234
1682703990.93787 -0.907301187515259 2.01823401451111 0.190632775425911 0.0142105117627316 -0.0565974469655104 -0.38213950755465 0.922260368398381
1682703991.1346 -0.694501519203186 1.94970214366913 0.207310616970062 0.00898539600238259 -0.0553233203197122 -0.416975803351945 0.907187837388974
1682703991.43329 -0.405178636312485 1.80935001373291 0.318582862615585 -0.0184205281452781 -0.0933080021897832 -0.462270699718766 0.881623559719069
1682703991.63878 -0.205303505063057 1.69968152046204 0.311735391616821 -0.0220394121113949 -0.0955124325618553 -0.478994544276505 0.872327843240857
1682703991.83494 -0.0363564416766167 1.62026488780975 0.324605733156204 -0.0335955268141304 -0.0909439175576415 -0.520921745305123 0.848080821446644
1682703992.13353 0.235293343663216 1.36719691753387 0.285539567470551 -0.0468348683702494 -0.0634973950482245 -0.582311129889046 0.809128125783657
1682703992.23461 0.31086054444313 1.26595509052277 0.241421401500702 -0.0494442817888808 -0.0577175402842237 -0.602156781415469 0.794752262744362
1682703992.43413 0.444849580526352 1.04663074016571 0.225798487663269 -0.0537491159257725 -0.0470081774814204 -0.616500017858091 0.784110318621077
1682703992.73488 0.582044005393982 0.76971971988678 0.173683911561966 -0.025824888654512 -0.00245511727559095 -0.648541993684536 0.760736702120275
1682703992.93433 0.664442598819733 0.555145978927612 0.142870336771011 -0.0111039625972368 -0.00175125433196343 -0.691179370633244 0.722595815607825
1682703993.23588 0.750844836235046 0.200259327888489 0.154642283916473 0.0324530388239941 0.0162720682561756 -0.742259147071758 0.669128820672119
1682703993.43305 0.772445440292358 -0.0757887735962868 0.1150266751647 0.0381857872696147 0.0107120378490353 -0.768379029628759 0.638765030917071
1682703993.6343 0.780758500099182 -0.324727475643158 0.14367201924324 0.0171420427291327 0.0181886398197793 -0.769841142039764 0.637745983739208
1682703993.83455 0.783342301845551 -0.600996613502502 0.155588775873184 0.0097023316586217 0.0292098913283675 -0.782607249575242 0.621754404826572
1682703994.03616 0.786069214344025 -0.857284009456635 0.112714029848576 0.00840520718489833 0.0362747240568474 -0.802168415072654 0.5959356766855
1682703994.33505 0.72921085357666 -1.26789164543152 0.0889839082956314 0.0205053536438243 0.0336927907247318 -0.851054032580296 0.523594652335122
1682703994.54352 0.659349203109741 -1.54786598682404 0.12671634554863 0.00958383606275155 0.00711931606908977 -0.863140527820774 0.504822636832291
1682703994.73217 0.612155377864838 -1.80594336986542 0.12905241549015 -0.00240958996062967 0.0385154817475881 -0.877014712201027 0.478911209019921
1682703995.0357 0.528714120388031 -2.20734119415283 0.0737620741128922 -0.00591456704320257 0.0192832790342757 -0.895945548173861 0.443705699483134
1682703995.23471 0.456077873706818 -2.48134732246399 0.121069245040417 0.00616068534659725 -0.00616371173744985 -0.902499725684151 0.430602252378816
1682703995.532 0.36283215880394 -2.88332486152649 0.125237926840782 0.0223937235897376 -0.00598174558593229 -0.885150107359987 0.464727906741285
1682703995.831 0.353698164224625 -3.24709939956665 0.130697697401047 -0.00275056047305206 -0.0214578685326078 -0.834776177055522 0.550164274117912
1682703996.13339 0.412565737962723 -3.59820961952209 0.158222705125809 -0.0142382326763447 -0.0343023528756181 -0.786309127580089 0.616715961526609
1682703996.43384 0.536321461200714 -3.9184844493866 0.132667168974876 -0.0199276248272373 -0.0146717138487822 -0.735372169684734 0.677211490329757
1682703996.73249 0.718671202659607 -4.22049379348755 0.245194807648659 -0.0283879387225785 -0.0287648438900802 -0.641746151907489 0.765851542534839
1682703996.93241 0.906250953674316 -4.41160249710083 0.176211968064308 -0.0644911126565166 0.00124662456880918 -0.563442989200271 0.823633013080809
1682703997.13749 1.07350838184357 -4.4470739364624 0.168518424034119 -0.0558029682307718 0.0110726668610851 -0.502375832915505 0.862775722472342
1682703997.4335 1.39659714698792 -4.55322790145874 0.130103424191475 -0.0345021624237312 -0.00376225203067495 -0.418364153819657 0.907616042744126
1682703997.63658 1.6458854675293 -4.61330032348633 0.103795424103737 0.00160046136414904 -0.00110668949210595 -0.343909327422763 0.939000845725611
1682703997.93587 1.91719818115234 -4.59878349304199 0.181316673755646 0.00733161727373376 -0.0164954291519774 -0.212108448754258 0.977079400137116
1682703998.13484 2.142249584198 -4.54278135299683 0.204005554318428 -0.0120098009028594 0.000135986996841006 -0.135800375027167 0.990663416268256
1682703998.33686 2.36382341384888 -4.43852186203003 0.104505002498627 -0.0212710539737988 0.0217386587248424 -0.0716025441933772 0.99696943215162
1682703998.53427 2.57038903236389 -4.30699825286865 0.117780730128288 0.00390541607601284 -0.00406023659177252 -0.0196681407830802 0.999790691316052
1682703998.83491 2.81833696365356 -4.04037618637085 0.101163238286972 0.0398507916414143 0.00589880450755551 0.128071284734312 0.99094644887473
1682703999.13651 2.9955370426178 -3.7498095035553 0.123058557510376 0.0208055184486961 0.000297151131481986 0.286450331626887 0.957869119250711
1682703999.33488 3.03531312942505 -3.54431962966919 0.124722838401794 0.0381038474298898 0.0218780690704953 0.392774374524298 0.918584638246162
1682703999.53547 3.00467228889465 -3.33555769920349 0.111270636320114 0.0282886367368725 0.0182112683889941 0.457581484252884 0.888530971887959
1682703999.73434 2.92319250106812 -3.10842967033386 0.126541167497635 0.0174276485288716 0.0146767345252565 0.519882425318653 0.853933916866653
1682703999.93551 2.78563952445984 -2.90829420089722 0.0830990895628929 0.00922539369962539 0.0232025770380637 0.614893169568174 0.788215023041483
1682704000.23319 2.48074555397034 -2.6438581943512 0.0823231190443039 0.00626676254691931 0.0246387947829202 0.759197245853961 0.650363897650066
1682704000.4364 2.24279141426086 -2.5602171421051 0.0836039930582047 0.0271134115306946 0.0283019154058095 0.833597252827821 0.550980475677168
1682704000.73752 1.85216128826141 -2.53664255142212 0.11011254042387 0.0409015179786305 0.0319468575985466 0.882789102814719 0.466893846680597
1682704000.93491 1.58262717723846 -2.52185344696045 0.154935121536255 0.0187066624934054 0.0191002764408147 0.89972294527979 0.435641896464632
1682704001.1337 1.30927300453186 -2.4900815486908 0.0934732332825661 0.0281212328584275 0.0495234140428427 0.91888782064455 0.390386732350336
1682704001.4405 0.909766495227814 -2.45755839347839 0.126627042889595 0.0190184582811501 0.012882847039823 0.92663574282393 0.375257952104817
1682704001.63777 0.678582727909088 -2.42604088783264 0.0867466703057289 0.0168262777872845 0.0497797915400351 0.914028413646259 0.402232405180587
1682704001.9366 0.378351718187332 -2.27275252342224 0.144622579216957 0.0149895238774618 0.0462457666501691 0.855266404176993 0.515903112150936
1682704002.23691 0.0592605657875538 -2.02897381782532 0.167186632752419 0.0391432763051538 0.0478921274354242 0.850778403614281 0.521871876990264
1682704002.43172 -0.161138787865639 -1.89633119106293 0.156711310148239 0.0244670352802187 0.0241508621056686 0.875469367628699 0.482049257221661
1682704002.73379 -0.493648886680603 -1.75048804283142 0.117415376007557 0.0404130601240011 0.0277741004217986 0.903768033631629 0.425204333588913
1682704002.93597 -0.731941640377045 -1.66491258144379 0.138887301087379 0.0372958242593606 0.0508593357261132 0.90961774097869 0.410631117621569
1682704003.23662 -1.10713970661163 -1.49083852767944 0.143211513757706 0.0300187873862783 0.0614668803820056 0.919863155223004 0.386228521322728
1682704003.4336 -1.33156526088715 -1.40351498126984 0.190055266022682 0.0404020454827092 0.0408762435834081 0.932243976571722 0.357236582081211
1682704003.73558 -1.70031905174255 -1.31974565982819 0.205569997429848 0.0397040667351177 0.0304083128989228 0.934216853160083 0.353182379038093
1682704003.93422 -1.95707738399506 -1.26225924491882 0.254736244678497 0.0530129391897658 0.0346765709345807 0.919454947650674 0.388058968389313
1682704004.13571 -2.20432639122009 -1.17918694019318 0.276219576597214 0.0261369606165189 -0.00318361921177758 0.90688517700286 0.420554395519695
1682704004.43573 -2.57100701332092 -1.03545498847961 0.332371264696121 0.116073651340194 0.00661868487417657 0.878450737722687 0.463473194337664
1682704004.63348 -2.79952764511108 -0.91846114397049 0.284401267766953 0.117377238208549 0.0201929496712724 0.878403673926662 0.462841024938639
1682704004.83506 -2.9745512008667 -0.851670980453491 0.306592732667923 0.119093370214044 0.0245181118708841 0.860589589259666 0.494571724039322
1682704005.13554 -3.23391723632812 -0.65770959854126 0.275712698698044 0.112731461639055 0.0426068115202011 0.786795049701203 0.60533447525685
1682704005.33314 -3.40364670753479 -0.46642941236496 0.232439577579498 0.0941194411235635 0.051644616534441 0.738833144241835 0.665281857076625
1682704005.63382 -3.52330160140991 -0.175184011459351 0.207755342125893 0.0780833809642079 0.059653782253978 0.67489093707024 0.731345769756308
1682704005.93528 -3.61555504798889 0.133679494261742 0.10657611489296 0.0498295243943879 0.0477308523726605 0.555157138326035 0.828878360192891
1682704006.13547 -3.63376808166504 0.317881435155869 0.0845592021942139 0.040012388176375 0.072551308301827 0.459863807184727 0.884115713748876
1682704006.43348 -3.55366158485413 0.647729694843292 -0.0172435287386179 0.0156030088511742 0.121136754370285 0.312126320366331 0.942156883427594
1682704006.63278 -3.44963431358337 0.853156507015228 -0.0223685242235661 -0.00968853349567686 0.114073561927942 0.255739483362185 0.959943056351478
1682704006.9538 -3.32698154449463 1.10933291912079 -0.0915886536240578 -0.013272089969955 0.107365423390442 0.150189975312149 0.982720453030136
1682704007.23504 -3.16182017326355 1.35726153850555 -0.161227002739906 0.0315609987020545 0.123509976860844 0.0168222372718532 0.991698644402589
1682704007.43576 -2.99723815917969 1.4860851764679 -0.10422220826149 0.0562788445301141 0.168632659007851 -0.0603978548723108 0.982215769116501
1682704007.63275 -2.78757047653198 1.63744056224823 -0.128131166100502 0.0423472769332156 0.165545800000993 -0.0959538993520757 0.98060906860864
1682704007.83427 -2.58818888664246 1.74312269687653 -0.0865099728107452 0.0360985029158552 0.189747522419957 -0.13780146044206 0.971444045389521
1682704008.03597 -2.38806962966919 1.85048365592957 -0.105486296117306 0.0230515029311657 0.181652158769569 -0.174529757311913 0.967476348671953
1682704008.33432 -2.08937168121338 1.96336913108826 -0.0805684551596642 0.0208734158445872 0.151114459381508 -0.276293225299225 0.948889231855102
1682704008.63613 -1.73135125637054 2.01510238647461 -0.0418841652572155 0.0303267555103833 0.104518017413533 -0.344522582349625 0.932448637828006
1682704008.83265 -1.51008021831512 2.02490997314453 0.0465397760272026 0.0205563306856959 0.079599771039341 -0.357837888547383 0.930157706649349
1682704009.03466 -1.3010345697403 2.02367925643921 0.0850201547145844 0.00814253559965124 0.0649974700513323 -0.38273436704255 0.921533196518429
1682704009.33458 -0.990763127803802 2.01996326446533 0.038307286798954 0.048846472336788 0.0176137347498142 -0.428961214023773 0.901829282820017
1682704009.63342 -0.727239191532135 1.94924068450928 0.173446804285049 0.0903654857688738 -0.0234798307588737 -0.471276377760949 0.877029846866005
1682704009.83389 -0.561730921268463 1.90570032596588 0.262616246938705 0.0821088898191239 -0.0295011668185722 -0.511908395980427 0.854597920365923
1682704010.13401 -0.277557879686356 1.77620589733124 0.207344248890877 0.017053137311633 0.00217716950368804 -0.59929080992616 0.800346784574555
1682704010.43524 0.00965020153671503 1.64695155620575 0.158601999282837 0.0337341808112291 0.00282352246519199 -0.635611200431374 0.771266772687681
1682704010.73479 0.255514174699783 1.43007361888885 0.1716268658638 0.0431402156292117 0.0101715766672719 -0.679830581462749 0.732028579586608
1682704010.93272 0.388961911201477 1.22989428043365 0.145337775349617 0.0530741521429576 -0.00484090468267395 -0.688204270017927 0.723556896688333
1682704011.23459 0.548221588134766 0.950189411640167 0.193914383649826 0.0471897064813787 0.0125461985649856 -0.724619486213072 0.687417140246061
1682704011.53507 0.676117062568665 0.637916922569275 0.125328883528709 0.0447422982644264 0.00743254715542371 -0.786036338556102 0.616514199721399
1682704011.73878 0.702913582324982 0.389825105667114 0.196087449789047 0.0459997686760081 0.0216931284513494 -0.830732339732267 0.554343944841738
1682704011.9331 0.692005574703217 0.132632285356522 0.111112989485264 0.0508305858208194 0.0108462832700419 -0.836580912677881 0.545372337240699
1682704012.23292 0.724815189838409 -0.212553799152374 0.15102806687355 0.0475323603863276 -0.014014703583834 -0.80364749368261 0.593038758174558
1682704012.43437 0.742196321487427 -0.449389159679413 0.136769711971283 0.046486593889165 -0.0319077597579385 -0.822028959264273 0.566647404994243
1682704012.64182 0.741621971130371 -0.687981307506561 0.132438495755196 0.0450441882815592 -0.0385089029137188 -0.860061174594332 0.506737467979086
1682704012.8357 0.705864489078522 -0.929082572460175 0.16423699259758 0.0466687740688375 -0.0421180581832911 -0.897906668790135 0.435673856048288
1682704013.03591 0.614797472953796 -1.19551002979279 0.169497519731522 0.0385406491066676 -0.0457581155855135 -0.920768923057973 0.385493714028076
1682704013.33062 0.504378914833069 -1.58092665672302 0.172946155071259 0.0299456961780701 -0.0353902684985851 -0.931268354879494 0.361372433060479
1682704013.63327 0.430862337350845 -1.93595957756042 0.125524178147316 0.0134921772637719 -0.0567118050315493 -0.940795057186299 0.333925729312035
1682704013.93579 0.354696780443192 -2.29190850257874 0.174147009849548 0.02692835134352 -0.0575158482425182 -0.949946923881027 0.305888268660043
1682704014.23504 0.276897430419922 -2.68866229057312 0.17269042134285 0.00118709452731701 -0.0639239887153824 -0.925334088376157 0.37372334602265
1682704014.43258 0.307881832122803 -2.93956303596497 0.235272035002708 0.00925224037659965 -0.0675806016479015 -0.887408378722401 0.455909670551307
1682704014.73721 0.424731969833374 -3.30603671073914 0.219814822077751 -0.00598225825226278 -0.0442371713530641 -0.843387018510399 0.535448991282105
1682704014.93832 0.509626686573029 -3.54275417327881 0.23950070142746 0.0189048605966151 -0.036957013827372 -0.816412372449621 0.575975367082627
1682704015.23838 0.607211291790009 -3.91133689880371 0.237294137477875 0.0282922717224892 -0.047512288786472 -0.741141700169866 0.669067343429921
1682704015.53229 0.84492015838623 -4.17676782608032 0.2755067050457 0.0226185567717873 -0.0248713816914546 -0.632274982849708 0.774014315968846
1682704015.83445 1.13572824001312 -4.38115978240967 0.196449741721153 0.0375920726628378 -0.0604150815009908 -0.530098024479268 0.844945523950105
1682704016.03551 1.37938249111176 -4.47322273254395 0.254950642585754 0.0502366790969057 -0.0315550988316061 -0.447235563342646 0.892446582542971
1682704016.33452 1.71433413028717 -4.50408554077148 0.207163080573082 0.0617909765776177 -0.006702734689528 -0.283319946056701 0.957009277242229
1682704016.53519 1.87148141860962 -4.41567754745483 0.174686461687088 0.0384312025136666 0.0250255500374637 -0.180225556447509 0.982555603170559
1682704016.83552 2.18347382545471 -4.25627994537354 0.048178531229496 0.00653419395889667 0.0855093275594099 -0.0554193169927916 0.994773420691213
1682704017.03832 2.37837195396423 -4.115478515625 0.00288821710273623 0.00762587420566789 0.0722084115385132 -0.0168353792532259 0.997218311780868
1682704017.33231 2.58966755867004 -3.89898157119751 -0.0252342410385609 0.00922551388850282 0.0977986625124192 0.0635223595889775 0.993134039964658
1682704017.53257 2.72352027893066 -3.71605515480042 -0.0180762186646461 -0.00597714002240541 0.0677041844835056 0.147918404113007 0.986661321287724
1682704017.73577 2.81199836730957 -3.51982259750366 -0.0779344141483307 -0.0126210514595995 0.0771339937377058 0.229085070218277 0.97026341097313
1682704018.03786 2.89069390296936 -3.22792863845825 -0.130106598138809 0.0134399923234812 0.0659842680634691 0.314776449734295 0.946774117552411
1682704018.23446 2.9159152507782 -3.03803873062134 -0.135005071759224 0.0599137951610614 0.0925916404822248 0.34064934696216 0.933699709583581
1682704018.53308 2.89063167572021 -2.71640610694885 -0.159329533576965 -0.0167106490118691 0.0463928835336664 0.405767028536946 0.912645370951571
1682704018.73514 2.82101058959961 -2.49736642837524 -0.119521751999855 -0.0153043091275549 0.0360363736201187 0.492161140765655 0.869623234175978
1682704019.0411 2.60069799423218 -2.26820182800293 -0.117632396519184 -0.0427715778049386 0.022104538429836 0.599816298022494 0.79868791786246
1682704019.24071 2.41552543640137 -2.16234254837036 -0.052633136510849 -0.00291747953366532 0.0264149920706811 0.626977918044116 0.778583602956126
1682704019.43866 2.20887398719788 -2.07176446914673 0.0213971361517906 -0.0305166445506659 0.0061032956488402 0.657140444219545 0.753125434943297
1682704019.73279 1.88155734539032 -1.97089564800262 0.00172486645169556 -0.00682273291402478 0.0101264323252057 0.72045334163948 0.69339591014402
1682704019.93495 1.63960218429565 -1.95575678348541 0.116964913904667 0.0268756389540394 -0.0322239280734132 0.761661949026713 0.646614563627483
1682704020.23521 1.26092660427094 -2.01867175102234 0.126916885375977 0.0244455190535535 -0.0141886904028205 0.836348023140781 0.547469708615337
1682704020.43446 1.02015733718872 -2.0703182220459 0.203305661678314 0.0277205299804152 0.0207434791941646 0.853689225758263 0.519630624687174
1682704020.7341 0.66897451877594 -2.11210989952087 0.192872241139412 -0.0334656439232173 -0.00638674715121687 0.883752501173741 0.46671273478103
1682704021.03767 0.313585877418518 -2.14926552772522 0.195616096258163 -0.0716890531638459 -0.0668731346282833 0.897052299110102 0.430912794173879
1682704021.33783 -0.0198729559779167 -2.20294523239136 0.1446922570467 -0.0204186075671469 -0.0287573148370527 0.903223776093829 0.427718257275962
1682704021.53377 -0.248348861932755 -2.2340304851532 0.132112175226212 -0.00587526830753181 0.00359305806934143 0.895834453095121 0.444334562918293
1682704021.73225 -0.470271736383438 -2.21717858314514 0.193189933896065 0.00923867052619629 0.0282685481168995 0.88251105213997 0.469350379785799
1682704022.03666 -0.80686742067337 -2.15332365036011 0.234223812818527 0.0291724632421101 0.0318188735740848 0.871821713136646 0.487917438893454
1682704022.23887 -1.01927959918976 -2.07572197914124 0.222281500697136 0.0217336723585904 0.0247346037925711 0.842319105096098 0.53797246402687
1682704022.43553 -1.22542142868042 -1.97052800655365 0.160122036933899 0.0254838791903975 0.040764811263564 0.798214548046446 0.600451777706639
1682704022.73635 -1.47959578037262 -1.75881934165955 0.218596115708351 0.00351525530069034 0.0427632522685695 0.689460203822757 0.723051571176129
1682704022.93372 -1.61268305778503 -1.5752717256546 0.129526138305664 0.0222302073867845 0.0517590659946438 0.64403217254083 0.762921606522741
1682704023.23164 -1.74891579151154 -1.27415013313293 0.245017006993294 0.00397938934305244 0.0352245646606255 0.57745583371825 0.815651981306786
1682704023.53342 -1.83946394920349 -0.943535625934601 0.146674036979675 0.0131105357460945 0.0506971727786184 0.50862690799239 0.859393145766713
1682704023.73438 -1.86951088905334 -0.719710886478424 0.193796589970589 0.00358632395154292 0.0462760220779279 0.428649199007932 0.902277968395004
1682704023.93261 -1.86685180664062 -0.470706820487976 0.125622346997261 0.00345652649423751 0.0495081418768382 0.385729015370142 0.921276355397271
1682704024.33644 -1.78388977050781 -0.0251675695180893 0.190631106495857 0.0357572090849962 0.0342933165816502 0.35447619144824 0.933751583737684
1682704024.53665 -1.72297406196594 0.192343696951866 0.128824055194855 0.0447773094621644 0.0220363718534116 0.292540171287263 0.954950071499074
1682704024.73571 -1.66614758968353 0.403356164693832 0.128878250718117 0.0660076920154434 0.0194627939570674 0.1998329589807 0.977410340006282
1682704025.03612 -1.45811867713928 0.67593240737915 0.161797389388084 0.0304850394359861 0.030156803601666 0.0501127577538467 0.997822600003338
1682704025.23133 -1.29308354854584 0.836956322193146 0.12750144302845 0.0314038281335838 0.0373182211525921 0.0188487731482337 0.998632001139243
1682704025.53329 -1.03089392185211 1.02123510837555 0.146167680621147 0.017968780539315 0.0496332816958862 -0.071608892162979 0.996035053016317
1682704025.63978 -0.938116550445557 1.05832278728485 0.104262240231037 0.0301370133506095 0.0375873571542712 -0.119025174939066 0.99172171436305
1682704025.94009 -0.633934795856476 1.1436892747879 0.182932585477829 0.0355266275273119 0.0431039751772894 -0.294102532592598 0.954140244609287
1682704026.23135 -0.274951756000519 1.08811318874359 0.0572314895689487 0.0779187109169435 0.0461682664106883 -0.394070602826362 0.914606760118107
1682704026.43185 -0.0598360300064087 1.02220320701599 0.116368129849434 0.0686716582986306 0.0420445723994675 -0.440427079551265 0.894170254971728
1682704026.63166 0.160351574420929 0.91949987411499 0.121374808251858 0.0704858317239733 0.0477570715002346 -0.496204496683254 0.864020895070958
1682704026.9359 0.426216751337051 0.737582743167877 0.110919125378132 0.0644152757038078 0.0439283922938506 -0.600932134777959 0.795488238755096
1682704027.13399 0.605335056781769 0.54585063457489 0.0974407494068146 0.065515989844084 0.040189825124704 -0.667369462644832 0.740749912831816
1682704027.33391 0.78637284040451 0.319449365139008 0.110674507915974 0.074209267422344 0.0310308033573852 -0.707136212035376 0.702487331914174
1682704027.73314 1.03421473503113 -0.144777208566666 0.103282034397125 0.0812659353560952 0.0326408992205075 -0.76979407090159 0.632255887954817
1682704028.03824 1.15205097198486 -0.483963757753372 0.0826938524842262 0.0692261398208751 0.0271664742803708 -0.840554239264277 0.536598821369863
1682704028.23532 1.14982986450195 -0.749841809272766 0.0645340085029602 0.0847536356886096 0.0224875149308315 -0.87548381473046 0.475225444452209
1682704028.4321 1.10091423988342 -1.03039360046387 0.123517110943794 0.0690925352852143 0.00597046779267688 -0.896660589521572 0.437253201567496
1682704028.73317 1.0493278503418 -1.41260230541229 0.101755626499653 0.0629567830282871 0.0215966927304617 -0.921156415596716 0.383459103867473
1682704028.93408 1.00710964202881 -1.63981735706329 0.0724802389740944 0.0493888236672819 -0.00479967800361461 -0.945273685621075 0.322483125853391
1682704029.23148 0.867397308349609 -2.01956272125244 0.135406479239464 0.0426241130563739 -0.0271116216374603 -0.970724948135731 0.234821677076941
1682704029.52842 0.75640732049942 -2.39092421531677 0.148408621549606 0.0159096662448825 -0.0469793069294392 -0.95714223875308 0.285339380449225
1682704029.72913 0.719175755977631 -2.62885236740112 0.172956123948097 0.0372144187766791 -0.0490200291388484 -0.941598914609466 0.331064355956082
1682704030.03733 0.706149399280548 -3.0055136680603 0.1421729773283 0.0116973718653648 -0.0538985843349296 -0.926905272676583 0.371220594232706
1682704030.23442 0.742952048778534 -3.24317026138306 0.159781917929649 0.0224912070437988 -0.0497836958293705 -0.909677538666399 0.411706819085042
1682704030.53283 0.829479336738586 -3.62245464324951 0.133060127496719 0.033813119935091 -0.0386215202076571 -0.853433579093646 0.518667694359802
1682704030.63217 0.889641880989075 -3.74840450286865 0.158931598067284 0.0253493387918626 -0.0284006122214298 -0.816628739369899 0.575906518701944
1682704030.93294 1.17021381855011 -3.98901510238647 0.146169006824493 0.014269724716712 0.00174555915918989 -0.7155053972327 0.69845927190539
1682704031.13519 1.3322845697403 -4.13813400268555 0.113039053976536 0.0369127299816283 -0.0143618197333133 -0.673682652952037 0.737958583940018
1682704031.4341 1.63735032081604 -4.32892894744873 0.123161174356937 0.0459328847509911 -0.00545230708478847 -0.62522656647576 0.77907135938811
1682704031.73428 2.02368783950806 -4.50732326507568 0.135496884584427 0.033805755903729 0.00266036181088116 -0.49247955880453 0.869663140245985
1682704031.93537 2.25513100624084 -4.51608562469482 0.100944392383099 0.0463664838080573 0.0167860841566642 -0.390542831357015 0.919263114365854
1682704032.23512 2.5546236038208 -4.37590217590332 0.107376135885715 0.0291596407864008 0.0203529502693927 -0.295880673180977 0.954562779497772
1682704032.43315 2.77813911437988 -4.28179216384888 0.136109948158264 0.0194876582810392 0.0208932327751279 -0.222658725525336 0.97447770418125
1682704032.63371 2.99191117286682 -4.13039064407349 0.111394666135311 0.0266799872668237 0.023916173677453 -0.122636963285883 0.991804602808481
1682704032.83982 3.16966438293457 -3.93337988853455 0.130250304937363 0.0165081503598875 0.022723577367753 -0.0137395145323941 0.999511053337441
1682704033.13583 3.24947071075439 -3.63708114624023 0.107656843960285 0.0115658615119732 0.0327601753468722 0.116896151471762 0.992536292298583
1682704033.33363 3.27928948402405 -3.40349149703979 0.0655758827924728 0.0324089674929488 0.0301444443720359 0.166059828393639 0.985121873015424
1682704033.63342 3.24811983108521 -3.07224464416504 0.112147405743599 0.0506697434737861 0.0200924477386799 0.253003017381686 0.965928746769621
1682704033.83049 3.1898946762085 -2.8136842250824 0.0576316863298416 0.0638367092124571 0.0553188786171368 0.354297056485768 0.931309987056397
1682704034.03132 3.08664679527283 -2.583087682724 0.113693043589592 0.0589054198030427 0.0340236171944498 0.458785430541694 0.885939317173307
1682704034.2328 2.91999864578247 -2.37809753417969 0.110884711146355 0.0470515159956566 0.0474772180074566 0.562177311884844 0.824311069084186
1682704034.53933 2.59918451309204 -2.13803195953369 0.0522484555840492 0.0607115576063566 0.0476622717795544 0.648352965394256 0.757417221144527
1682704034.73844 2.39073181152344 -1.99264740943909 0.111346587538719 0.053394201212568 0.073486302763651 0.705658525588611 0.702705391929725
1682704035.04117 2.04197025299072 -1.78976941108704 0.128775596618652 0.0580485539319363 0.078566654120258 0.781434463912192 0.616293619029942
1682704035.13348 1.91783714294434 -1.75318443775177 0.0985781997442245 0.0589258648695863 0.0703177568837592 0.812423634537734 0.575804648783515
1682704035.43222 1.53212690353394 -1.71256792545319 0.133398413658142 0.0334378111970468 0.0495377267066506 0.879501849562538 0.472127549536313
1682704035.63695 1.24919104576111 -1.69927167892456 0.0976343527436256 0.00664370612068836 0.0299776062683398 0.907930312918328 0.417994917643062
1682704035.94374 0.88245302438736 -1.65736496448517 0.0976999998092651 0.00919867727046762 0.0702020900109163 0.928837217061423 0.363659834317957
1682704036.13147 0.63957804441452 -1.64130389690399 0.160949662327766 0.0311745313917517 0.0464116892458375 0.954957114507607 0.291429259246833
1682704036.33143 0.38251793384552 -1.65229344367981 0.145660057663918 0.00559660348888575 0.0514342813479578 0.970291073418016 0.236343871460468
1682704036.53424 0.149898946285248 -1.69327616691589 0.117312096059322 0.0207264009404876 0.0715679826898406 0.972833364142518 0.219188698999087
1682704036.8371 -0.240646615624428 -1.7613000869751 0.158973082900047 -0.0114281992885309 0.0531284488989824 0.971700547337273 0.229879991480453
1682704037.03271 -0.493841707706451 -1.7981812953949 0.121900483965874 -0.0177553163853619 0.0465015398366087 0.968399223202941 0.244387602044007
1682704037.33326 -0.8729367852211 -1.85221207141876 0.099010556936264 -0.0131415487116097 0.0484405630416295 0.970754084274164 0.234770780581187
1682704037.63473 -1.21730053424835 -1.90748417377472 0.104629196226597 0.00852735503170582 0.0581316752432143 0.958443067673349 0.279168190484661
1682704037.83342 -1.46961832046509 -1.92782402038574 0.164529323577881 0.008521839634398 0.0551336528976778 0.932935199638864 0.355695897983372
1682704038.13319 -1.83409118652344 -1.89766502380371 0.0889337286353111 -0.00815420453154474 0.050254357594788 0.910789179130118 0.409720733757371
1682704038.33459 -2.04285788536072 -1.85180401802063 0.135860905051231 0.0211754182594298 0.0543111196572207 0.909011472631321 0.412674262061197
1682704038.53257 -2.27352142333984 -1.78663098812103 0.204653963446617 0.0220629900923914 0.0621009978240993 0.892262000228033 0.446682452628826
1682704038.73319 -2.46247816085815 -1.70561981201172 0.141908600926399 0.0463790621165641 0.0631092788172187 0.853889724951288 0.51452749114792
1682704039.03395 -2.7271990776062 -1.49780380725861 0.238814666867256 0.0426038570763335 0.0612023849798764 0.767421851413488 0.636791081445154
1682704039.33227 -2.90885257720947 -1.24384117126465 0.241275429725647 0.0843490138088828 0.102182311450436 0.697122174358237 0.704602507172773
1682704039.6349 -3.02236795425415 -0.990174055099487 0.302249312400818 0.117501659202823 0.0788810284087031 0.596863349423192 0.789762803351169
1682704039.84605 -3.10345911979675 -0.804185152053833 0.172788038849831 0.141226087307991 0.0718878404280485 0.493519454615217 0.855175934284031
1682704040.23137 -3.09285736083984 -0.422435760498047 0.202358588576317 0.109237807302008 0.0816383394876495 0.226085553127665 0.964514181154692
1682704040.43022 -3.01172494888306 -0.197946488857269 0.157549619674683 0.0954395921696016 0.0617999354745867 0.184385822429199 0.976255049005609
1682704040.73667 -2.86697030067444 0.106448233127594 0.17369718849659 0.065001750098124 0.0795697925775131 0.0991230295843467 0.989756558755421
1682704041.03424 -2.71190214157104 0.372022777795792 0.145894035696983 0.0602378669517237 0.073609646038566 -0.0215906497192073 0.995232065017946
1682704041.33264 -2.39238214492798 0.530173480510712 0.0440846607089043 0.0530531702105122 0.0674935100035961 -0.157196590485711 0.983828856650219
1682704041.63165 -2.05882263183594 0.607249677181244 0.129206299781799 0.0163980301848318 0.0606407924064465 -0.231131331501778 0.970892427872723
1682704041.93135 -1.71539735794067 0.638691902160645 -0.00324264587834477 0.0271723158991287 0.0276645472428088 -0.321678615477243 0.946054547274718
1682704042.13489 -1.51639366149902 0.597007870674133 0.101364977657795 0.0353044532684616 9.63528701677045e-05 -0.387882771076579 0.921032324187101
1682704042.43088 -1.14599871635437 0.480427205562592 0.017500514164567 0.0239207812564504 -0.024718625664597 -0.442684415505051 0.896017463020831
1682704042.62866 -0.975500583648682 0.372768431901932 0.143964782357216 0.0307963038838377 -0.080921174301097 -0.429580989037029 0.898867913029937
1682704042.93355 -0.695084691047668 0.240690723061562 0.228119537234306 -0.0154120295022834 -0.0747046813793406 -0.393626255749445 0.916100458853342
1682704043.13608 -0.4985671043396 0.15498049557209 0.126221433281898 -0.05850938262616 -0.0930368233923261 -0.37158431397891 0.921870869071473
1682704043.33344 -0.347986370325089 0.0855997577309608 0.103431344032288 -0.0490609301631642 -0.0727395298329863 -0.301233692390248 0.949505265125022
1682704043.63082 -0.241441309452057 0.0436134114861488 0.151701807975769 -0.075201534600206 -0.0396006496595957 -0.145587757718484 0.985687943795
1682704043.83562 -0.19999298453331 0.0264370981603861 0.0709905847907066 -0.086085674915819 -0.0235978803878836 -0.0496487567590654 0.994770022451303
1682704044.03977 -0.177376672625542 0.0309230796992779 0.0201785527169704 -0.073337911771618 -0.0113235608055699 -0.0206542805327362 0.997028950614442
1682704044.33494 -0.152077898383141 0.0278942678123713 0.0126726739108562 -0.0731270682361636 0.0095426017770549 -3.59566771835845e-05 0.99727697724836
1682704044.53278 -0.144045367836952 0.0342974029481411 0.0517424792051315 -0.0742495523079792 0.00657931591727155 0.00818425323747216 0.997184403499709
1682704044.83112 -0.127817064523697 0.0312103275209665 -0.00833275634795427 -0.0603901840548555 0.00691756023767039 0.0252186302830097 0.997832247282492
1682704045.03376 -0.123059831559658 0.0245004184544086 -0.0184344183653593 -0.0451609467002858 0.012091947974721 0.0347133659396348 0.998303188371374
1682704045.2342 -0.106815278530121 0.0162575896829367 0.00796532444655895 -0.010261598919786 0.0320302084046739 0.0367420999705682 0.998758621202799
1682704045.43263 -0.110296249389648 0.00784512143582106 -0.0171433817595243 0.00135058720746823 0.0416005227332974 0.0313619209845697 0.998641077832606
1682704045.6397 -0.0822425559163094 0.0170893408358097 0.0109987128525972 0.000714103636284768 0.0471098244661904 0.0308047901827422 0.998414352559376
1682704045.93925 -0.0664371028542519 0.0168581567704678 0.013910130597651 0.000997757784568282 0.0471366491030914 0.049812118704176 0.997645174208213
1682704046.13235 -0.06474569439888 0.0103036900982261 0.0119601711630821 0.00332198145554332 0.043735930548659 0.0548795063025967 0.997529133713013
1682704046.33486 -0.0534102655947208 0.00817822571843863 0.013644534163177 0.00473166466140228 0.0411340478334743 0.0600171580856543 0.997338228583306
1682704046.53449 -0.0334324352443218 0.00732105597853661 0.0148881301283836 0.00229202886511718 0.0445152604655058 0.0710314259025497 0.996477633830092
1682704046.73195 -0.016632242128253 0.00599198415875435 0.00182059057988226 0.00630231778549457 0.0387242543175251 0.0672340855545816 0.99696554135924
1682704047.03317 0.00126225990243256 0.00801348127424717 0.00541104655712843 0.0160284786027528 0.0258415990705947 0.0524327925546501 0.99816136065071
1682704047.33086 0.0075847003608942 0.0106887388974428 0.0255662854760885 0.0100510440025947 0.0176542088832311 0.0438164795631598 0.998833029861276
1682704047.63118 0.0220831092447042 0.0169169213622808 0.00688318116590381 0.00395223973918945 0.0133545966451636 0.0338492545494192 0.999329906745484
1682704047.83131 0.0288200657814741 0.0169405657798052 0.00726428767666221 0.00316677560075979 0.0135340054073239 0.035014070100699 0.999290156623647
1682704048.13043 0.0236826669424772 0.0165691934525967 0.00894045922905207 0.00300407869784543 0.0119586805403672 0.0365712389735022 0.999254977446124
1682704048.33163 0.0226599238812923 0.0146392900496721 0.0100044757127762 0.00297874626955272 0.0122221788021777 0.0369876876142481 0.999236536752405
1682704048.63219 0.021893534809351 0.0165501683950424 0.0104917734861374 0.00282348181563077 0.0123360595785503 0.0372946252143404 0.999224179308444
1682704048.83196 0.0245100203901529 0.0169653762131929 0.0114245880395174 0.00272745207440129 0.0142208510953158 0.0374166490249839 0.999194837243992
1682704049.03041 0.023548973724246 0.0174812246114016 0.0103177400305867 0.00257974890271576 0.01445802697106 0.0378220418548687 0.999176562726344
1682704049.23209 0.0247341804206371 0.0188140422105789 0.00980140827596188 0.0026222228759062 0.0144706316659082 0.0378882369309575 0.999173761799539
1682704049.43156 0.0239912830293179 0.0182599034160376 0.00925778783857822 0.00258884059474277 0.0145131799146008 0.0377581119948327 0.999178157533344
1682704049.73189 0.0237305872142315 0.0181281343102455 0.00879521016031504 0.0027652159429447 0.0143625031657839 0.0376402555653533 0.999184308946341
1682704049.93186 0.0214301738888025 0.0179380476474762 0.00491220876574516 0.00277215222989466 0.0140242756991585 0.0377990009280246 0.999183101534434
1682704050.03091 0.0213968381285667 0.0151821812614799 0.00808514095842838 0.00397288677164825 0.0132320904967625 0.0381966145540071 0.999174732761191
