1682703968.53681 -7.18708810380703e-05 -3.16448884259707e-05 -1.11523664629353e-05 0.00314669569791621 -0.00248064480815918 7.8058769299652e-06 0.999991972291072
1682703968.63907 -0.00208957937625911 0.000912183660425093 0.00162159138144265 0.00323782378444323 -0.00240065316467212 7.13578068335296e-05 0.999991874101778
1682703968.7343 -0.00237558155399819 0.00107455457083927 -3.2085492969016e-05 0.00300930116289832 -0.00235504109238775 -0.000124173744859378 0.999992691207713
1682703968.83841 -0.00173723687956917 0.00251398520530467 0.000364023482141212 0.00323667147109817 -0.00245969765668078 2.73130691401052e-05 0.999991736515468
1682703968.93613 -0.00222534502002965 0.00141376146103598 0.00122625798703452 0.00315024697433566 -0.00247551432562909 3.01421095258681e-05 0.999991973399926
1682703969.03541 -0.00220457396546615 0.00173105095501327 0.000540291413378967 0.00326435207442914 -0.00257164041779935 9.37366316025879e-05 0.999991360904953
1682703969.13495 -0.00273420360946263 0.00197325442907903 0.00193542555225385 0.00317707262315858 -0.00247440809757404 9.53409636678963e-05 0.999991887179198
1682703969.23723 -0.00197643800247914 0.00214305269519141 0.000747569767006741 0.00323271487699251 -0.00253079553978462 6.92958256268043e-05 0.999991569877741
1682703969.33601 -0.00282452886068969 0.00184058228963908 0.0022024449312065 0.00313946267094997 -0.00238342057048544 5.26079121194836e-05 0.999992230126279
1682703969.43559 -0.00220270643083899 0.00259953975665646 -0.000154845777253426 0.00317706102468343 -0.0023022306333703 3.83934024297897e-05 0.999992302242024
1682703969.53641 -0.00271190355605264 0.00253069103685606 0.00201537039847422 0.00319174467328482 -0.00236874618757974 5.15671079263305e-05 0.999992099542928
1682703969.63488 -0.00261277055440927 0.00261647422787766 0.000245223654381279 0.00289703364749439 -0.00156413200615017 0.000141223510354519 0.999994570356776
1682703969.73832 -0.00371341385952022 0.00251717847766063 0.00444200563961041 0.00255043066924157 -2.220973318348e-05 0.000219464303668593 0.999996723317406
1682703969.83774 0.00114465759066913 0.00363281048808887 0.00669291497924596 0.00133265513610038 0.00403026456413626 5.58988450520481e-05 0.999990988895975
1682703969.93783 0.00643965017920259 0.00545048532960791 0.00708200013050011 -0.000120521107111092 0.00664087108446716 0.000726233678700131 0.999977678196142
1682703970.0365 0.0040723644396403 0.00312467522034057 0.0062139211207287 -0.00133173490213858 0.0100026273067888 0.00283043692509969 0.999945079769847
1682703970.13611 0.028224699684215 0.0130474306382656 -0.0140587473303361 -0.00121696499050405 0.0297654216652998 0.0120848375574517 0.999483114099737
1682703970.2419 0.0243459524201122 0.0100589960781987 0.00407454349501089 -0.000984767563434889 0.0556153883195679 0.0245774050971882 0.998149242334832
1682703970.33852 0.00974109701046809 -0.00219647641723894 0.0174916709535207 0.000867646362807449 0.0555861431360652 0.0270292963610883 0.998087593861015
1682703970.43817 0.000670140955146028 -0.00284283828560754 0.00792483963014198 -0.00119958773749136 0.056419439833145 0.0270614656467254 0.998039620894494
1682703970.53959 0.00159974878645039 -0.00104435864165162 0.00983325474433005 -0.00106862938427784 0.0603937677607069 0.0254803107610479 0.997848788449646
1682703970.63711 0.00290366302021719 -0.00284026614722919 0.0146600547344752 -0.00226382757506383 0.0674870483781392 0.0240525770833409 0.997427614878176
1682703970.73608 -0.00470225514278124 -0.00487906872548639 0.0114703274334804 -0.00238827887912269 0.0795616701495304 0.0223387187778986 0.996576749884511
1682703970.83765 0.00272316238266107 -0.00238054304778659 0.0146273568335103 -0.0019648454904331 0.0880417255886609 0.0191785624494014 0.995930206731347
1682703970.93615 0.0115240361555809 0.00183362732746798 0.0149648412710014 -0.00250321838442561 0.0953757042969367 0.019948330335674 0.99523829962698
1682703971.03489 0.0158570764391606 0.0020201308377984 0.0147171596290974 -0.00147925518895406 0.103883984598128 0.0217224465840213 0.994351077267233
1682703971.13815 0.0145361803510172 4.62619731041979e-05 0.0229381587217287 -0.00118790661092117 0.105730492069215 0.0232640062697037 0.994121943192569
1682703971.23578 0.0156341130027173 0.00127575680396958 0.0176070914001376 -0.00218521312203097 0.110550443031567 0.0256545221215599 0.993536949430594
1682703971.43613 0.00717599781226837 -0.00135597353940965 0.0220025471004446 -0.00172818877462632 0.124571532897049 0.021934485796567 0.991966645048148
1682703971.53938 0.00729991386746437 -0.00187793356628363 0.0227227259052882 -0.00191667634338822 0.135689273183269 0.0191834704337872 0.990563850519948
1682703971.63831 0.0144602612214458 0.000908801232238694 0.0185647386975085 -0.00224217212681666 0.150279353592412 0.0158899721954648 0.988513326835621
1682703971.83898 0.0260372705581127 0.00278535896370401 0.0267590444741552 -0.00113535626573971 0.167252198303224 0.0156865537227426 0.98578869194224
1682703971.93537 0.0280850177990334 0.00561651100609913 0.0225707876881177 -0.000914948762751291 0.167854333486842 0.0169670105685002 0.985665362154326
1682703972.03784 0.0440645223197401 0.00882939211529137 0.0286311274306901 0.00226770107533672 0.162163047845762 0.0188020797090087 0.986582224269129
1682703972.23615 -0.00390600834528125 -0.0148770876111247 0.0490642864695675 0.00322472636669509 0.13167617934496 0.0170012032554524 0.991141737604083
1682703972.33696 -0.00168647639761097 -0.0185158202086512 0.0960272813872369 -0.0076640011547882 0.122287134950584 0.001706454884512 0.992463705998161
1682703972.43971 0.00894836807795103 -0.01256827680565 0.136235604261456 -0.0352712829182662 0.111524031598306 -0.0142542738573347 0.993033303899804
1682703972.63545 0.0100917060538646 0.0201116575694617 0.0611677524000347 -0.07569109564841 0.0906213701685978 -0.0260430838887625 0.992663277798606
1682703972.73542 -0.00574192980961327 0.0219840027740574 0.0531689334790729 -0.0817993835009725 0.082870755328607 -0.0294160285215552 0.992761802264846
1682703972.93541 -0.00462306772484165 0.0269623047900523 -0.0655159925448249 -0.0596640075672323 0.0757900334962028 -0.039487917174254 0.99455355884985
1682703973.13884 -0.0355576045530208 0.000602525359531183 0.0715771076430405 -0.0473324431806755 0.0485487753256764 -0.0598159147386082 0.995903967549537
1682703973.23841 -0.0402803958951259 0.00591270488723293 0.0304644598964284 -0.0414216036234489 0.0279714429289679 -0.0768419089731556 0.995789721858533
1682703973.43667 -0.0774096647511381 -0.00181424673567024 0.10993399329506 -0.0253214337370112 -0.0086623530838971 -0.119339998531019 0.992492696891604
1682703973.53709 -0.0982585578443317 -0.00771737006630671 0.139796871187482 -0.0296878410274252 -0.0282322270665807 -0.144855522642208 0.98860429445256
1682703973.73917 -0.0989833532292587 -0.0210252798690127 0.135777650217049 -0.0321166634107552 -0.051009360384349 -0.185712877493949 0.980753430897622
1682703973.83558 -0.170609604851582 -0.0179119471368746 0.175385492297113 -0.0277809410261715 -0.046919539791456 -0.197226302422586 0.978840416888357
1682703974.03979 -0.281657268131193 -0.0227558300533365 0.210361923543765 -0.0567498135027702 -0.0583186475143816 -0.31294778331786 0.94627801355412
1682703974.3378 -0.312498903391184 -0.123456702203205 0.11666327157805 -0.00158647396855307 -0.0749637182314666 -0.475782523357214 0.876361178120701
1682703974.53475 -0.389231031068824 -0.218222816346474 0.153874630956103 0.042293816239951 -0.0881020525977981 -0.564009031365773 0.819965288273692
1682703974.73296 -0.461073920841962 -0.388198039338478 0.270016927376374 0.0374460688311803 -0.0787087729520753 -0.626039616731311 0.774904587205666
1682703975.03155 -0.531099278538678 -0.596248401459924 0.178789161131847 -0.000710107768752697 -0.106088655996502 -0.640793038549568 0.760347929938804
1682703975.23713 -0.610613365108991 -0.727652641990853 0.262054189216809 0.0197917606521247 -0.115760760897947 -0.668864432347312 0.734049115241838
1682703975.34028 -0.621687828065621 -0.801723587738545 0.268384793320792 0.0060842411698501 -0.11816579703462 -0.691202221125176 0.712909051655387
1682703975.54076 -0.620006031520027 -0.98710108865907 0.2641474080454 -0.0127581406342227 -0.111800039277155 -0.738375955053789 0.66493528261297
1682703975.83731 -0.592434234177976 -1.33261987806977 0.27194285154127 -0.0164375107059321 -0.0573048812440076 -0.778706097883228 0.624550055597531
1682703976.03195 -0.606897672376036 -1.53974091361892 0.266805878115808 -0.0316925383363702 -0.0661445650171241 -0.767593970191632 0.636725982238781
1682703976.24019 -0.613872283779154 -1.75852610317901 0.267508231033987 -0.0496978726299818 -0.0602989245055844 -0.746590702600903 0.660678805433786
1682703976.53575 -0.601436660928164 -2.0517177735131 0.260673246182528 -0.0267988735136785 -0.0807175898400595 -0.748169839078753 0.658033724790518
1682703976.73832 -0.571528275354344 -2.2815310409358 0.22888816287797 -0.0289218427991383 -0.11732271874091 -0.756770338267969 0.642415412170448
1682703976.93773 -0.53840836017956 -2.51281903648247 0.287560893567661 0.00254305616466168 -0.123051614324461 -0.765251774877177 0.631855643422465
1682703977.23399 -0.506700004644116 -2.94424479637376 0.318688288708185 -0.00161083011600815 -0.0816366016214737 -0.745851745602777 0.661088529686702
1682703977.43211 -0.446927998181339 -3.16458896805569 0.253642092076759 0.0139363611869391 -0.0596349895393115 -0.708120246107299 0.703430993710436
1682703977.63435 -0.367426081597686 -3.37671328067837 0.25412431495785 0.033644922597984 -0.0590950915214774 -0.679257715049146 0.730742598927733
1682703977.93633 -0.252131867772265 -3.66528703112349 0.223401120856961 0.0724838018922656 -0.0871287825059715 -0.680526141451106 0.723905273170419
1682703978.23594 -0.104880641922127 -3.99512376001363 0.260757569060074 0.058518099034935 -0.0937145979390529 -0.65962810368114 0.743427179387788
1682703978.43511 0.026668762567374 -4.19618022262962 0.244961969519007 0.0398089492701197 -0.112716755780154 -0.611132942704436 0.782449172065396
1682703978.63577 0.148648992520186 -4.34620496893619 0.306992099314287 0.0334459963405991 -0.101730900760585 -0.577810434423909 0.809115128415035
1682703978.93942 0.414137809543381 -4.51974404103784 0.220453142313634 0.0211275179861519 -0.0941524469106125 -0.549855814561797 0.82966711873924
1682703979.13764 0.644803472108207 -4.65541049944658 0.262810497011957 0.0202064338620864 -0.0476820074107051 -0.52188871747885 0.851440128704387
1682703979.33305 0.897532966952657 -4.75920511056096 0.184890810168573 0.0222499994207092 -0.0212239747711205 -0.459376286902673 0.887709359786302
1682703979.5341 1.12582276225858 -4.79558115959465 0.127313534151442 0.0349083754150573 -0.0216511942075615 -0.352659323000742 0.934849738201774
1682703979.73687 1.29762216377219 -4.75490951108769 0.194372425192405 0.0387915123699621 0.00623020825069375 -0.262381946447154 0.964163947288949
1682703979.93509 1.49816767644349 -4.66385930037023 0.102661933256893 0.00832188486102778 0.0223820200474159 -0.192245735532195 0.981056251486449
1682703980.23418 1.82118700588083 -4.47319819889852 0.0566534152188667 0.0145595249200279 0.0456338090411874 -0.102641272155321 0.993564464419311
1682703980.53672 2.0783795270829 -4.22548912342211 0.0208990019267085 0.0212810053059176 0.0731705006840686 0.0111988664046549 0.997029479019584
1682703980.73733 2.2565954603521 -4.04163065964789 0.0131631699409792 -0.0291592540041313 0.0664958332485684 0.0771333974473433 0.994373411282065
1682703980.93495 2.38368465776259 -3.79820887348124 -0.0732149402990726 -0.0143141657292882 0.0738317462956501 0.180993883275796 0.980604503413663
1682703981.13764 2.45997942647335 -3.60664687391825 -0.0608374249972123 0.0135080521072879 0.0751788264877333 0.258539100628794 0.962976225055556
1682703981.33443 2.51960054842197 -3.36057128955336 -0.0261062640760156 0.0140478442303377 0.0755648602949196 0.318091859486388 0.944939246136799
1682703981.63554 2.55013359752606 -2.99265833658439 -0.0400636957589836 0.0209974058944042 0.0744744791743629 0.419637974204376 0.904387434401352
1682703981.83434 2.54193317208768 -2.75980222595565 -0.00026754760594621 0.00602294291925476 0.0636802885511949 0.509875357427668 0.8578669272659
1682703982.13699 2.42062414194492 -2.42794189758439 0.00733092074647975 -0.0105524525800501 0.0664884862312559 0.61237196272679 0.787698232960669
1682703982.23379 2.36463771865158 -2.34022457198576 -0.00136439618620987 -0.00223688051199296 0.0649612450618932 0.635468510101344 0.76938599264294
1682703982.43437 2.25817795119222 -2.1468412007784 0.0352991988669385 0.00357720032534069 0.0781447463434906 0.670970944412398 0.737345640802927
1682703982.63528 2.15328066842326 -1.94571600029694 0.030202877856669 0.00869095180700145 0.088263835272359 0.700462173215237 0.70815726123107
1682703982.93344 1.97675725928399 -1.66986072656554 0.0934788957727026 0.0442621421150761 0.0656822572920135 0.778696216675448 0.622381640143533
1682703983.13496 1.81379374483561 -1.5329515277649 0.13357849259892 0.0250589110107052 0.0680818457359486 0.829408908761051 0.553911342479956
1682703983.33479 1.62072963901948 -1.44528421106834 0.0988563482171407 0.038815290585742 0.052923001387623 0.858779299036115 0.508124634994122
1682703983.5448 1.39279483024842 -1.33754494464944 0.150521245042041 0.0342331260941077 0.0614893883386521 0.873890375032799 0.481001830167616
1682703983.73753 1.15275185875671 -1.24412362784923 0.11072371237916 0.0235609609812045 0.0727500247990313 0.898708957868062 0.431826960780686
1682703983.93558 0.885918665470445 -1.17424990462787 0.170813784608429 0.0276784303546338 0.0998305555064845 0.943266143542417 0.315462750775724
1682703984.23852 0.548967708577519 -1.15421468466107 0.265177516176989 0.0206146409509058 0.0758988192057051 0.966277451416753 0.245198476147772
1682703984.53728 0.156327369410482 -1.1452923276795 0.219306983611277 0.0493059711193504 0.0388809112104445 0.962893830248138 0.262474127535446
1682703984.83564 -0.242216593840308 -1.07181123705882 0.23922616456791 0.0544445769529011 0.0426194446854951 0.954422266033459 0.290340333186205
1682703985.0346 -0.514480943646311 -1.03291617486197 0.271852642850791 0.0566913007724148 0.0165402567517774 0.968970836654177 0.24001673699353
1682703985.33727 -0.854179640740428 -1.00184430096152 0.307998073658116 0.0598507669603552 -0.0127088760298866 0.964030740332576 0.258652473133625
1682703985.6348 -1.26258849565893 -0.906515561220353 0.194455313384424 0.0189630752198955 -0.00490783190289046 0.949493387185537 0.313175067103296
1682703985.83637 -1.51399863616123 -0.816424131390218 0.205142434557951 -0.00342535406138907 0.0258886662859231 0.936942081777451 0.348507645973551
1682703986.03633 -1.79056544498949 -0.708313655886781 0.195446252651379 -0.00514456819171166 0.01289043387691 0.936647309377741 0.349998839952397
1682703986.33375 -2.12770211718849 -0.573822142060268 0.210963717633948 0.0285490799908636 0.0381117602878433 0.925251368251786 0.37635402124547
1682703986.53525 -2.33348588068859 -0.49042074601076 0.23328675487401 0.0494653662551419 0.041308814710418 0.901921907341999 0.427063967603256
1682703986.83855 -2.65960147176516 -0.266851293955612 0.228193497387958 0.024944145643441 0.0289427868151203 0.840308173146164 0.540760833301793
1682703987.03667 -2.88443378494563 -0.0814579269576321 0.228394471442647 0.0442411635464202 0.0467982949364449 0.807890581224974 0.585803250082376
1682703987.23414 -3.0017961128949 0.0730162618675918 0.216408779428516 0.0432507113257145 0.0322479262287515 0.771991209802097 0.633339576540153
1682703987.43353 -3.15439538308005 0.242161975587304 0.191426170670956 0.0361978341601534 0.0385107684286201 0.731769008908482 0.679500371683673
1682703987.53644 -3.20576312470292 0.324289718761477 0.157193523894205 0.0383399148232845 0.0408926597016234 0.696492145994974 0.715371604050081
1682703987.73758 -3.29763239453508 0.510451641152914 0.0634669711704848 0.0441079654468064 0.0785731746536034 0.621566205146295 0.778162062959273
1682703987.93889 -3.33426863994695 0.685992721503867 0.0832958011515705 0.037659487658308 0.1094147031952 0.541352064287975 0.832795369947005
1682703988.13421 -3.32357923165442 0.882760616228147 0.072895948944371 0.0659397952138208 0.104988435033701 0.478817328167845 0.869116412319167
1682703988.43316 -3.26346653633749 1.16552723608168 0.036168754318975 0.0471061686251988 0.109037531907485 0.395922612067688 0.910569662775165
1682703988.63697 -3.2039379050583 1.3215303657939 -0.0312840985019081 0.0291627186230515 0.102279522010118 0.279072805783823 0.95436198807991
1682703988.83408 -3.1088862624532 1.50222058282629 -0.110265832320191 0.0410423859054481 0.126088551486751 0.160157839116314 0.9781445017546
1682703989.03563 -2.93431027761195 1.638914237734 -0.127762216103273 0.0625217537236556 0.132968977041982 0.0654494397270631 0.98697854702883
1682703989.23374 -2.72753196424487 1.75436017367985 -0.048520514227524 0.0779621484812782 0.109444775377025 -0.00529121336580495 0.99091661990703
1682703989.53407 -2.42746799952731 1.92003156002981 -0.0805354989447371 0.0678652846916823 0.125441501132784 -0.0857242382481063 0.98605785220952
1682703989.83671 -2.11725356788637 2.05599525090654 -0.110327757196845 0.0889261937761027 0.0823982207340061 -0.185077126284564 0.97521747451869
1682703990.03675 -1.89100853198166 2.09369913542624 -0.0107239156364264 0.0886485222024954 0.0805351699556596 -0.238696681316022 0.963680144155852
1682703990.23548 -1.65400719405473 2.0772808741951 0.0242898969327607 0.0822703782599195 0.0548718546537992 -0.264868609478975 0.959200335769591
1682703990.43536 -1.42366634381918 2.06127550247313 0.0609640202994804 0.0650937589769597 0.0306278793872831 -0.28148563670277 0.956864970555681
1682703990.73502 -1.10438008534882 2.05591365980499 0.15288525599819 0.0329095218902207 -0.00814830215432796 -0.328151438133731 0.944016526439936
1682703990.93787 -0.899233194219954 2.02753143257655 0.192143926713089 0.0142814444248477 -0.0566102174223903 -0.382696058092139 0.922027684372475
1682703991.1346 -0.686725686822016 1.958611551697 0.208830362222404 0.00905862058169465 -0.0553290613086551 -0.417530804297219 0.906931454868987
1682703991.43329 -0.397791775292911 1.81775684008514 0.320104226165393 -0.018369748350046 -0.0932912717958555 -0.462822051283993 0.881337075015879
1682703991.63878 -0.198259394128602 1.70771409856817 0.313256214559415 -0.0219891007470865 -0.0954910491459443 -0.479547232198506 0.87202774673292
1682703991.83494 -0.0296209126501626 1.62795473769894 0.326129136512141 -0.0335417999656605 -0.0909094942884922 -0.521465751468424 0.847752252458669
1682703992.13353 0.241505533946698 1.37442312346792 0.287039735384326 -0.0467636545336433 -0.0634458477303913 -0.582834102956967 0.808759663590351
1682703992.23461 0.316739636360692 1.27296427298526 0.242910676865991 -0.0493685334044818 -0.0576608408686633 -0.602675562372459 0.79436776234868
1682703992.43413 0.450239796031173 1.05334110677815 0.227257416259302 -0.0536654125544412 -0.0469458958466838 -0.61701613348392 0.783713721571256
1682703992.73488 0.586871466504886 0.776133331003822 0.175099940736178 -0.025711386566144 -0.00240571606386674 -0.649041363949199 0.760314701300737
1682703992.93433 0.668783604069298 0.561328439983853 0.14425081417636 -0.010990175297224 -0.00170427604923092 -0.691657073147351 0.72214043277975
1682703993.23588 0.754507370021127 0.206195252704166 0.155955984493152 0.0325772811188863 0.0162992232382965 -0.742700794458504 0.668631876287271
1682703993.43305 0.775536052547808 -0.0700026117036321 0.116283513623898 0.0383061314064176 0.0107405076518972 -0.768803904295211 0.638245907572068
1682703993.6343 0.783303705211515 -0.319088909069169 0.144875832681136 0.0172692269980587 0.0182321870880101 -0.770268530189932 0.63722504074457
1682703993.83455 0.785304598588911 -0.595494178999515 0.156731752819036 0.00983766350379902 0.0292616184172996 -0.783025634822681 0.621222853149273
1682703994.03616 0.787479248812265 -0.851905099438869 0.113799912604596 0.00854528654740248 0.0363319198572093 -0.80257087912092 0.595388069803541
1682703994.33505 0.729853503167687 -1.26255906112148 0.0899683758770554 0.0206395636228108 0.033752535170371 -0.851408544943974 0.523008856884296
1682703994.54352 0.65939416950879 -1.54257634868157 0.127628014812486 0.00969985680575561 0.00719017831320404 -0.863487706142973 0.504225341939216
1682703994.73217 0.611634900141289 -1.80071896251132 0.129898116161857 0.0022725309807345 -0.0385989808717396 0.877342294854726 -0.478304768884493
1682703995.0357 0.527434209310375 -2.20211686448102 0.0745008408192728 0.00579246569624548 -0.019374872899958 0.896252540551512 -0.443082887501005
1682703995.23471 0.45420187141005 -2.4761635470389 0.121732976662483 -0.00626531792015594 0.00607767988411025 0.902801245544112 -0.429969439196074
1682703995.532 0.360184580449218 -2.87814136912949 0.12579016713862 -0.0225034297186854 0.00591016998255988 0.885475582286516 -0.464103069065513
1682703995.831 0.350330554931526 -3.24203425424048 0.13115690311696 -0.00264194122131111 -0.0213792939423005 -0.835166279521678 0.549575501170704
1682703996.13339 0.408491745169663 -3.59336439142395 0.158599181852341 -0.0141311086546675 -0.0342252252895057 -0.786749505505443 0.616160824224498
1682703996.43384 0.531590002277918 -3.91393679712931 0.132976035043054 -0.0197998529140401 -0.014600356544448 -0.735853758459336 0.676693462045133
1682703996.73249 0.713289985129012 -4.21636420183825 0.245447404896034 -0.0282621714574993 -0.028705194538639 -0.642293432266735 0.76539950897425
1682703996.93241 0.900399388114736 -4.40784922041787 0.176438678179445 -0.0643391961590835 0.001317743426731 -0.564029666365533 0.82324313957023
1682703997.13749 1.06739883371332 -4.44368532880667 0.168759619851634 -0.0556406021749483 0.0111268340449135 -0.502988500061773 0.862428481533022
1682703997.4335 1.39013340094852 -4.55041587966206 0.130359570616053 -0.034347423652615 -0.00373793743853667 -0.41900922077579 0.90732439359746
1682703997.63658 1.63913131309134 -4.61096371724617 0.104070123709418 0.0017586883707315 -0.00112081883262895 -0.344573544593492 0.938757009639148
1682703997.93587 1.91024529944039 -4.59698334270354 0.181634684669866 0.00747759931117924 -0.0165356232765263 -0.212801017257125 0.976927011462848
1682703998.13484 2.13516397032389 -4.54143622851034 0.204373275006511 -0.0118533480144129 9.68387410636808e-05 -0.136500860695968 0.990569030301456
1682703998.33686 2.35668988832718 -4.43759045222252 0.10493683526414 -0.0211008968640473 0.0216953504744124 -0.0723042820389203 0.996923344454408
1682703998.53427 2.5632304791206 -4.30649264776516 0.118283556475305 0.00405605271787384 -0.00413010706009424 -0.0203733981398511 0.999775682490956
1682703998.83491 2.81134785823609 -4.0403455794478 0.101784810851639 0.0399984603040817 0.00578066570515905 0.127376807001591 0.991030703921623
1682703999.13651 2.9887454794376 -3.75016577098657 0.123797635104113 0.0209344312835515 0.000169076034147788 0.285777225859596 0.958067376639097
1682703999.33488 3.02860210719403 -3.54486278342041 0.125534550187613 0.0382355526635412 0.0217225839004337 0.392133703250254 0.918856534305788
1682703999.53547 2.99804862846666 -3.33618380748176 0.112146620137997 0.028409567376019 0.0180530689716532 0.456960627818731 0.888849800475718
1682703999.73434 2.91667796036183 -3.10907625061797 0.127480539623886 0.0175371316212786 0.0145171282076023 0.519284256362145 0.854298286956913
1682703999.93551 2.77920501432605 -2.90886325423023 0.084085515787084 0.00932416199451541 0.0230364698828506 0.614341550605348 0.788648743268036
1682704000.23319 2.47447587489428 -2.64412729592295 0.0833529712718411 0.00633376470983386 0.0244596072316973 0.758742117888952 0.650900921477347
1682704000.4364 2.23643135495936 -2.56028064826325 0.0846281848524435 0.0271612589147702 0.0281012175874762 0.833213804414742 0.551568077137335
1682704000.73752 1.84562231206739 -2.53629198667086 0.111087452402577 0.0409342747014022 0.0317325751343051 0.882466137084076 0.467515717094009
1682704000.93491 1.57589387582269 -2.5212656113657 0.155876014569271 0.01872380531456 0.0188993128645592 0.899417485326005 0.436280210618859
1682704001.1337 1.30238626515772 -2.48921393707557 0.0943849224683914 0.0281508045951529 0.0493139415892614 0.918619777256904 0.39104139448152
1682704001.4405 0.902712700175127 -2.45626219842002 0.127489392157399 0.0190185841747899 0.0126776990735871 0.926370596268 0.37591899097047
1682704001.63777 0.671372117627756 -2.42452991256537 0.0875857749623578 0.0168585771916597 0.0495741438583488 0.913749278875986 0.402890119001944
1682704001.9366 0.371143678203829 -2.27096073648884 0.145469809062545 0.0150444069387122 0.0460405278299746 0.854903424772753 0.516521122442072
1682704002.23691 0.0521922893202772 -2.02686000244706 0.168071135086629 0.0392011607793144 0.0476676910842841 0.850411741893069 0.522485339000669
1682704002.43172 -0.168221406182741 -1.89402435098344 0.157609841589631 0.0244987329624126 0.0239338788049473 0.875124375266756 0.482684482185367
1682704002.73379 -0.500720663428497 -1.74781273706754 0.118314086187693 0.0404347955841911 0.0275429515213211 0.903464803046548 0.425861201312846
1682704002.93597 -0.739100022057741 -1.6620262055393 0.139779961848518 0.037331474454585 0.0506284767464225 0.909327510761396 0.411298670712496
1682704003.23662 -1.11425049231036 -1.48753112232873 0.144107401338288 0.0300570493865399 0.0612394482576283 0.919590556131989 0.386910212881664
1682704003.4336 -1.338762989493 -1.40002241204259 0.190947937563373 0.0404186168071526 0.0406391769804217 0.931988257656917 0.35792831726391
1682704003.73558 -1.70760260206165 -1.31583857706141 0.206432929397577 0.0397119083121392 0.0301696240906465 0.933960344458899 0.353879687321344
1682704003.93422 -1.96449146582724 -1.2581149691901 0.255578804035227 0.0530320748776716 0.0344254517762042 0.919172169454632 0.388748003472993
1682704004.13571 -2.21182678146442 -1.1748066203963 0.277053085501633 0.0261348109599276 -0.00341684985771305 0.906565733852986 0.421240865772465
1682704004.43573 -2.57850629216589 -1.0306670965084 0.333197799059313 0.116090013122001 0.00631600478115083 0.878105746983162 0.464126614246675
1682704004.63348 -2.80704659933819 -0.913433197964462 0.285235240102784 0.117404178239736 0.0198867477533743 0.878059089631109 0.463500821263388
1682704004.83506 -2.98217896917308 -0.846510443116714 0.307424115579753 0.119131902665359 0.0242086181577271 0.860218273089643 0.495223237759394
1682704005.13554 -3.24144418919832 -0.652261379534981 0.27657659196005 0.112813640172962 0.0423042230133768 0.786336076449537 0.6059364737166
1682704005.33314 -3.41107213940092 -0.460826294750712 0.233351711249464 0.0942261250054329 0.0513582926231189 0.738322295826918 0.665855803181264
1682704005.63382 -3.53046697666822 -0.169510784235898 0.208765843502169 0.078216919907673 0.0593846160453786 0.674322189316198 0.731877835306624
1682704005.93528 -3.62241315339344 0.139411829322644 0.107698131582273 0.0499859756568105 0.0474974656652225 0.554498393507742 0.829323172587352
1682704006.13547 -3.64053138652295 0.323522093201665 0.0857564130674658 0.0402111578244531 0.0723382215704639 0.459157292562285 0.88449128043939
1682704006.43348 -3.56007286513262 0.653150624557126 -0.0158912008813279 0.0158703151362054 0.120967026506537 0.311372186225571 0.942423722770577
1682704006.63278 -3.45591280014076 0.858276786000626 -0.0209071588139053 -0.00941537283128683 0.113933451438884 0.254958565557643 0.960170114743455
1682704006.9538 -3.33302609039725 1.11414653987469 -0.0899921657885919 -0.0129867282554252 0.107247077565487 0.149379729011038 0.982860674665271
1682704007.23504 -3.16764002520803 1.36169481475883 -0.159489230023514 0.0318781813465345 0.123379683327687 0.0160036704446802 0.991718265349739
1682704007.43576 -3.00305793623773 1.49008213102592 -0.102393156452998 0.0566438022097499 0.168497234380207 -0.0612045895896869 0.982168091464288
1682704007.63275 -2.79333263162988 1.64095510399066 -0.12619103175685 0.0427163336460187 0.165428943975575 -0.0967698364293224 0.980532599199236
1682704007.83427 -2.59398390183757 1.74614048661107 -0.0844798020056178 0.0364947083537264 0.189645052571189 -0.138613106062479 0.971333772256045
1682704008.03597 -2.39388011953697 1.85302636453733 -0.10336433999009 0.0234471913314261 0.181568742124343 -0.175349387955043 0.967334282058608
1682704008.33432 -2.09519522693924 1.96523788471405 -0.0783307190573206 0.0212518814755791 0.151056883702294 -0.277111450331398 0.94865136879421
1682704008.63613 -1.73729907226412 2.01617882363382 -0.0395444630039963 0.0306698278622233 0.104468392074477 -0.345343379512931 0.932139295890299
1682704008.83265 -1.51623820042238 2.02541392870717 0.0489341253678749 0.0208803707521815 0.0795618625846542 -0.358671152659903 0.929832740007002
1682704009.03466 -1.30741214681232 2.02365184050426 0.0874619395861517 0.00845644969879136 0.0649773311255426 -0.383572084672026 0.921183418629889
1682704009.33458 -0.997346553338782 2.01925239937975 0.0408178095523281 0.0491191782244267 0.0175681817420068 -0.429794506302678 0.901418519708173
1682704009.63342 -0.734193760703325 1.94784465171129 0.175985277926582 0.0906003834499237 -0.0235522778396603 -0.472098441907428 0.876561419340293
1682704009.83389 -0.568996360639478 1.90382064826244 0.265173861282985 0.0823389487310836 -0.0295542744617001 -0.512718346083635 0.854088250693196
1682704010.13401 -0.285266328734033 1.77368211247047 0.209907126503994 0.017312194497596 0.00221276056713197 -0.600054999823886 0.799768334456114
1682704010.43524 0.00149583793577109 1.64377064404876 0.161170936916603 0.0339929346305966 0.00285521712502841 -0.63635103351705 0.770644983291367
1682704010.73479 0.246728949774276 1.42628213688935 0.174150698204558 0.0434035983930973 0.0102094642446764 -0.680534658033046 0.731357965501308
1682704010.93272 0.379584496820415 1.22572629285748 0.147798578900862 0.0533236656186221 -0.00480944392032528 -0.688907292328751 0.722869420096354
1682704011.23459 0.538074081834692 0.945543096227055 0.196234981410429 0.0474537502191516 0.01259683801573 -0.725287699376975 0.686692954962113
1682704011.53507 0.665159075315214 0.632909164232108 0.127485359127253 0.0449931490809161 0.0075094050625282 -0.786639645724125 0.615725014228277
1682704011.73878 0.691236415783037 0.384586417064736 0.19808684181507 0.0462565995775077 0.0217877035938048 -0.831273281522576 0.553507320994332
1682704011.9331 0.680068200040422 0.125190224649439 0.10465363876886 0.0510520786139765 0.0109084927933122 -0.837115586146367 0.544529324724569
1682704012.23292 0.711969788668762 -0.220221198795818 0.144388535689716 0.0477370678105123 -0.0139610493491155 -0.804238048377309 0.592222443850436
1682704012.43437 0.728668862102598 -0.457228932550469 0.129994035356122 0.0466715943312775 -0.0318455209910969 -0.822599540768996 0.565807052449879
1682704012.64182 0.727404833781177 -0.695961131021341 0.125519599159043 0.0452157815105919 -0.0384294071404012 -0.860575240978436 0.505854690977687
1682704012.8357 0.690942118023472 -0.93714689645331 0.157164719708748 -0.0468273248049254 0.0420229041272889 0.898351315732959 -0.434748422310172
1682704013.03591 0.599038135959723 -1.20359088669159 0.162237393049575 -0.0386886510544322 0.0456430173549626 0.921165626129306 -0.384543615841072
1682704013.33062 0.487539525539955 -1.58898312761076 0.165440769202184 -0.030101479376459 0.0352604830871374 0.931640232616894 -0.360412369711903
1682704013.63327 0.413015130315691 -1.94404411692535 0.117794589980524 -0.0136225907785193 0.0565590325320095 0.941146367935049 -0.332954974406735
1682704013.93579 0.326688850573887 -2.30623059094781 0.166295593018051 -0.0270539342897517 0.057375119085448 0.95024866287538 -0.304965012834142
1682704014.23504 0.247832479264642 -2.70303453183045 0.164599292576652 -0.00131920394969101 0.0637714968278829 0.925705818749218 -0.372827296515571
1682704014.43258 0.278024416064136 -2.95422066456529 0.227029568799903 -0.00939494148636705 0.0674536440572432 0.887859158108685 -0.455047092442534
1682704014.73721 0.393878555162952 -3.32111084649177 0.211391684202425 -0.00580422970385672 -0.0441146719957477 -0.843911083464327 0.534634725619576
1682704014.93832 0.478017796066855 -3.55819894076379 0.230944946072458 0.019096418262109 -0.0368691742457661 -0.816970496952769 0.575182751748293
1682704015.23838 0.574665152679294 -3.92716013245132 0.22855334401173 0.0284857318141384 -0.0474615138802171 -0.741789820351801 0.668344095661549
1682704015.53229 0.811624735550443 -4.1932560041015 0.266660710464328 0.0228440382406566 -0.0248524262997021 -0.633018542015701 0.773400305332363
1682704015.83445 1.12293940955246 -4.38674375136254 0.192453927801372 0.0377846967827128 -0.060418354398838 -0.53084322844805 0.84446871223961
1682704016.03551 1.36619941964063 -4.47944808789906 0.250914645073412 0.0504573197779498 -0.0315935846525564 -0.448012386896032 0.892043051358704
1682704016.33452 1.70087445477786 -4.51106516389352 0.203136181001754 0.0620310868634818 -0.00679579244865778 -0.284143610318027 0.956748854288819
1682704016.53519 1.85795161271344 -4.42310778440908 0.170684488694789 0.0386941870299181 0.0249257096301524 -0.181064162888712 0.982393626713314
1682704016.83552 2.17001634913521 -4.26438509192478 0.0442678121195435 0.00683916543283758 0.0854060822550617 -0.0562555919849439 0.994733298578291
1682704017.03832 2.3648358020419 -4.12410236765349 -0.00100841949851663 0.00791592988674216 0.0720927905739284 -0.0176729404344049 0.997209925129957
1682704017.33231 2.57617777561525 -3.90815866909155 -0.0290776265380571 0.00952757284226593 0.0976612802971538 0.0626978453454676 0.993197100215004
1682704017.53257 2.71330241774039 -3.72079099965251 -0.0212318560383457 -0.00572962789842354 0.0675476076499257 0.14712942585047 0.986791479550684
1682704017.73577 2.80178408278461 -3.52487896437914 -0.0810756283648031 -0.0123801263365728 0.0769645846178335 0.2283136216657 0.970461784589371
1682704018.03786 2.88063505304986 -3.23329412696837 -0.13319367429117 0.0136551732162108 0.0657753588909038 0.314027790883317 0.947034151950262
1682704018.23446 2.90565411097143 -3.04361828379511 -0.138116699611969 0.0601437743640987 0.0923376078490445 0.339924880078959 0.933974072705052
1682704018.53308 2.88038581553639 -2.72210991044951 -0.162421892827127 -0.0165319490004362 0.0461854701913721 0.405039045470076 0.912982458018848
1682704018.73514 2.81213800862257 -2.49892518745705 -0.121405819304517 -0.0152093187463227 0.0358269386112441 0.491514571726494 0.869999156823465
1682704019.0411 2.59165733491726 -2.26960587202819 -0.119623824252441 -0.0427168169311902 0.021905127697832 0.599215117479491 0.799147471944853
1682704019.24071 2.40611225379414 -2.16366650477369 -0.0547619035206192 -0.00286806159592493 0.0261809238512757 0.626397906954141 0.779058403210213
1682704019.43866 2.19906204256398 -2.07297911102665 0.0191173119190282 -0.0304925099769181 0.00588582109230144 0.656570012486001 0.753625492303378
1682704019.73279 1.87139349915478 -1.97178666357183 -0.000743956881597545 -0.00681739095049782 0.0098871783450156 0.719930827424315 0.693941907229375
1682704019.93495 1.62891177474939 -1.95649836620396 0.114304856894979 0.0268329632304896 -0.0324905205643125 0.76117139125363 0.647180400888921
1682704020.23521 1.24968300819446 -2.01901787534942 0.123999366008377 0.024385196499037 -0.0144517902282485 0.835933740649305 0.548097882859406
1682704020.43446 1.00835378998838 -2.07049989634911 0.200181346351049 0.027678095806696 0.0204775493267453 0.853301453787027 0.520279945751354
1682704020.7341 0.660718832659828 -2.11100890360668 0.19048925805663 -0.0335335041487094 -0.00659436684570465 0.883384408603186 0.467401331900341
1682704021.03767 0.304817970531722 -2.14778941442246 0.192999307235868 -0.0718130730617371 -0.0670491661312322 0.896693286149258 0.431611448450318
1682704021.33783 -0.0291612518752036 -2.201106584397 0.141841623955119 -0.0205152841442758 -0.0289754848948806 0.902881023912513 0.428421989456983
1682704021.53377 -0.258136136305915 -2.23200480936901 0.129069922348349 -0.00594291292023953 0.0033603452838195 0.895485394727489 0.445038535067862
1682704021.73225 -0.480507880999908 -2.21500123235432 0.189975030305204 0.00919705751494236 0.0280205370661291 0.882147659483001 0.470048689503816
1682704022.03666 -0.817552115112965 -2.15070181223904 0.230898885354075 0.0291388620028203 0.0315523530677838 0.871445716911739 0.488607959629448
1682704022.23887 -1.0303726857699 -2.07283020893552 0.218893487138353 0.0217087685190889 0.0244692745946965 0.841898513500113 0.538643552766107
1682704022.43553 -1.23578816360357 -1.96357116036427 0.159705476435908 0.0255035111341364 0.0405083564793595 0.797724677126249 0.601118942871537
1682704022.73635 -1.49016236356228 -1.75153138545368 0.21815857248947 0.00357582391016868 0.0425243969303884 0.68886117619601 0.723636075025921
1682704022.93372 -1.62344949114878 -1.56779924425478 0.129094804934431 0.0223131852906703 0.0515047975542015 0.643399653427334 0.763469883859652
1682704023.23164 -1.75958246478338 -1.26661496854438 0.244649693201495 0.00406912906972668 0.0349882904874298 0.576767485220826 0.816148595360812
1682704023.53342 -1.84991015865313 -0.935935785229585 0.146396354756379 0.0132332313003452 0.0504573150199157 0.507899295655056 0.859835592670733
1682704023.73438 -1.87996087139135 -0.712202346723741 0.193588680412669 0.00372684453621257 0.0460510262798098 0.427875446085298 0.90265608968515
1682704023.93261 -1.87117013263796 -0.464721090662462 0.126093781790883 0.00362414314170582 0.0492959504020849 0.384895426608601 0.921635657641471
1682704024.33644 -1.7877870542748 -0.0194836222312623 0.191295641953494 0.0359190918126011 0.0340541695759465 0.353624563626492 0.934076977758163
1682704024.53665 -1.72682425195175 0.197813131649175 0.129587564644674 0.0449422976313155 0.0217960809361495 0.291658965885765 0.955217340900954
1682704024.73571 -1.66997759775178 0.408593790025864 0.129737909298888 0.0661897016219249 0.0192156655396857 0.198923965853736 0.977588327163377
1682704025.03612 -1.46162974829044 0.68062505094144 0.162814519161939 0.0307050464372484 0.0299685631190185 0.0491722570908967 0.997868315200184
1682704025.23133 -1.29646316185388 0.841208980131369 0.128619843245651 0.0316372181913571 0.0371339752903075 0.0178999224242384 0.998648960887387
1682704025.53329 -1.03411042883446 1.02483653578747 0.147426624743054 0.0182290287655445 0.0494795169558167 -0.0725638681927034 0.995968857417237
1682704025.63978 -0.931950519964517 1.06143665165331 0.105060040419731 0.0303830498806449 0.0374167917343686 -0.120243143802889 0.991573719067148
1682704025.94009 -0.627767125817781 1.14588052416637 0.183843921119665 0.0358019583802015 0.0429637395491537 -0.29528048695187 0.953772389454403
1682704026.23135 -0.268962336091265 1.0891563464327 0.0582272581596185 0.0782083948998212 0.0459988466430195 -0.395198937934932 0.914103578665901
1682704026.43185 -0.0541083674679628 1.02238602580494 0.117399469599158 0.0689617018316591 0.0418979402241058 -0.441538524529902 0.893606500447158
1682704026.63166 0.165740494366356 0.91882644015493 0.122429763813754 0.0707883480486864 0.0476227982182354 -0.497282474395412 0.863383587711499
1682704026.9359 0.436047413059544 0.729079278532284 0.112161167991687 0.0647171773706626 0.0438396204283323 -0.602018256417171 0.794646961596345
1682704027.13399 0.61455891204272 0.536557900425566 0.0986524894584608 0.0658137006381987 0.0401202054594748 -0.668384661011275 0.739811375180889
1682704027.33391 0.794884117539572 0.309349286929438 0.111842354864559 0.0744943826750234 0.0309623315823591 -0.70810261132351 0.701486003288502
1682704027.73314 1.04134975633672 -0.155864838859314 0.10433239307294 0.0815505134003852 0.0325852272369326 -0.770663989622048 0.63116141503571
1682704028.03824 1.15816079703482 -0.495671207869356 0.0836369435053852 0.0694962863262492 0.0271562249318645 -0.84129507470294 0.53540209461197
1682704028.23532 1.15507125123115 -0.762017203934238 0.065390263283914 -0.0850117564388864 -0.022471853606328 0.876138855600449 -0.473971225677052
1682704028.4321 1.10522005125609 -1.04293541064098 0.124265892745271 -0.0693242514648098 -0.00598741229319148 0.897269555316583 -0.435965186861127
1682704028.73317 1.05295200186515 -1.42748978980601 0.102945309096459 -0.0632179282485989 -0.0216215622677666 0.921708669006362 -0.382085240583273
1682704028.93408 1.00994746783813 -1.65504896711577 0.0735860313613953 -0.0496042027358654 0.00473884854672599 0.945744554132858 -0.321067290008546
1682704029.23148 0.868962582809477 -2.03488474678698 0.136333796471329 -0.0427942306266161 0.0270200087872095 0.97107222357026 -0.233360899810841
1682704029.52842 0.75673788011254 -2.4064012627338 0.149169245498512 -0.0160590834645709 0.0468580509044801 0.957574787185159 -0.283896030002199
1682704029.72913 0.718662883629489 -2.64470931568128 0.173627697290247 -0.0373684318755308 0.0489407000249101 0.942098326554321 -0.329634875709145
1682704030.03733 0.70456157510019 -3.02173616298595 0.142723046553932 -0.0118507092533314 0.0537897104495879 0.927472412768983 -0.369812319011176
1682704030.23442 0.740687068154464 -3.25992861805936 0.160283350258361 -0.022657103585239 0.0497005792187764 0.910305302822765 -0.410317881325198
1682704030.53283 0.826121427736511 -3.63988072063264 0.13347076272361 0.0340095534431721 -0.0385846561428568 -0.854221690782562 0.517358558044142
1682704030.63217 0.893110747913821 -3.75947079092814 0.159942723785345 0.0255460925275146 -0.0283747203781756 -0.817468545696126 0.574706402607015
1682704030.93294 1.17302993727067 -4.0013125046586 0.147214433719857 0.014519177670613 0.00174973077566546 -0.716523258082221 0.697409888479666
1682704031.13519 1.33487453363079 -4.15085874631312 0.114237344983635 0.0371410260910598 -0.0144047346852189 -0.674760157638711 0.736961177717614
1682704031.4341 1.63957621997561 -4.34251747653044 0.124541763475533 0.0461759396188752 -0.00552393737206697 -0.626363913606413 0.778142349732927
1682704031.73428 2.02558368069566 -4.52201740770077 0.137090368128034 0.0340586032342426 0.00256679228994138 -0.493753726766483 0.868930768489229
1682704031.93537 2.26734868456319 -4.51150012332878 0.106943712085646 0.0465299497190752 0.016500765134854 -0.390954592930205 0.91908497691774
1682704032.23512 2.56716959703146 -4.37155977840477 0.113725093459852 0.0292989793006646 0.0200616122294894 -0.296317410591253 0.954429197849263
1682704032.43315 2.79095379477352 -4.27762633786579 0.142760961521298 0.0196073555325858 0.0205978885417797 -0.223111218349418 0.974378090293125
1682704032.63371 3.0050831398613 -4.12639075383673 0.118346815637922 0.0267729395014474 0.0236084278309623 -0.123098791981374 0.991752256996942
1682704032.83982 3.18321160280396 -3.92951706531552 0.137486065985315 0.0165692281492621 0.0224140410156181 -0.0142114784248188 0.999510432824425
1682704033.13583 3.26344195884272 -3.63332941805002 0.115025278533488 0.0115930657843951 0.032449297005629 0.116424281544594 0.992601647498323
1682704033.33363 3.29363761360883 -3.39980127561757 0.0730414317728575 0.0324208127038997 0.0298236298869941 0.165595654849795 0.985209379319366
1682704033.63342 3.26288657363709 -3.0685656579242 0.119683122997386 0.0506505655873466 0.0197644530216008 0.252551306050817 0.966054721231911
1682704033.83049 3.20245291435262 -2.81215522570515 0.0600453046651525 0.063967917315082 0.0551658760195083 0.353799164405184 0.931499319883576
1682704034.03132 3.0995766053864 -2.58149845270163 0.116212661932665 0.0590118081806129 0.0338622534076135 0.458307690274457 0.886185655111109
1682704034.2328 2.93328099160947 -2.3763614839605 0.113493657599257 0.0471499157880238 0.0473124892537184 0.561733170213859 0.824617644295395
1682704034.53933 2.6128672692247 -2.13596308702031 0.0549332459652861 0.0607951019954789 0.0474827302036605 0.647945655564545 0.757770264223134
1682704034.73844 2.40469355326938 -1.9904014771246 0.114097949179248 0.0534807596114592 0.0733064843095001 0.705283557997026 0.703093927244873
1682704035.04117 2.05628128877598 -1.78717898843625 0.131589092279152 0.0581207029776406 0.0783795937415729 0.781107626658499 0.616724816061602
1682704035.13348 1.93244447017301 -1.75056402703406 0.101361782229898 0.0589858441001937 0.0701284097878119 0.812117380227575 0.57625344863933
1682704035.43222 1.5470257893254 -1.70964434745604 0.136114671596728 0.0334670119035406 0.0493603586172412 0.879247730535213 0.472617120362882
1682704035.63695 1.26684507163984 -1.69680246153131 0.0974421326225616 0.00669191048463539 0.029910747991935 0.907667676008423 0.41856893747398
1682704035.94374 0.900411644624657 -1.65454713897941 0.0974919556836416 0.00926899503713448 0.0701317347581394 0.928611079492332 0.364248663079086
1682704036.13147 0.657808206180829 -1.63830304275742 0.160721914060305 0.0312250036980116 0.0463250808287671 0.954774578845076 0.292035082860732
1682704036.33143 0.400985435074571 -1.6490793038961 0.145409202445961 0.00564674870609186 0.0513624442946035 0.970143479873749 0.236963376924761
1682704036.53424 0.168565402921834 -1.68987697449158 0.117033916603484 0.0207886326346586 0.0714858342068715 0.972697647475586 0.21981104352691
1682704036.8371 -0.221815883121182 -1.7575220586991 0.158664053163426 -0.0113766359613828 0.0530666764837229 0.971556096106453 0.23050651209795
1682704037.03271 -0.474693562950033 -1.79406021781463 0.121592045579539 -0.0177064944075581 0.0464438905833597 0.968244229718832 0.245015421350293
1682704037.33326 -0.853493512381857 -1.84758544426628 0.0987006905574766 -0.0130916286367231 0.0483795349721471 0.970604725318689 0.235402839924561
1682704037.63473 -1.19811850843662 -1.89804978560783 0.105444050800687 0.00861688457851654 0.0580621889332588 0.958231323743859 0.279905808643785
1682704037.83342 -1.4500996725717 -1.91799789181248 0.165360150028755 0.00861445706036921 0.0550676877827345 0.932663032835666 0.356416902059366
1682704038.13319 -1.81416402319227 -1.88725067750195 0.0897928603008475 -0.0080613954514534 0.0502041652845087 0.910473926199531 0.410428782375543
1682704038.33459 -2.02249185096286 -1.84106013401633 0.136742928806766 0.0212720450002589 0.0542380202712455 0.908692203880078 0.413381441124454
1682704038.53257 -2.25268487165431 -1.775525353942 0.205563000348604 0.0221681891532072 0.0620289935416292 0.89191541725541 0.447378881723297
1682704038.73319 -2.44115275307453 -1.6941969929377 0.142844903451276 0.0464895953252236 0.0630225078236857 0.853487956870382 0.515194321117121
1682704039.03395 -2.7051459798447 -1.48585941267916 0.239818884155952 0.0427201029799024 0.0611278068539746 0.766922398155509 0.637391888274405
1682704039.33227 -2.88600304233944 -1.23149107581578 0.242350263236126 0.0845012252290323 0.102081354638363 0.696570055519619 0.705144735301473
1682704039.6349 -2.99827822799666 -0.97332282710869 0.303972676890773 0.117677845086595 0.0787570079764623 0.596073804009691 0.790345037716938
1682704039.84605 -3.078616262237 -0.78703045853787 0.174573738499655 0.141395391422899 0.0717519495812138 0.492662140899174 0.855653560701001
1682704040.23137 -3.06685252730472 -0.405188394341735 0.204229064956869 0.109411710329091 0.0815624027430779 0.225121622600357 0.964726337952593
1682704040.43022 -2.98488092884974 -0.180734836605466 0.15947148932127 0.0955925744019075 0.0617419703848345 0.183409696998853 0.976427607075406
1682704040.73667 -2.83912107840827 0.123486721120868 0.175676928824297 0.0651691290809925 0.0795501701434994 0.0981375381866074 0.989845330667189
1682704041.03424 -2.6829485777846 0.388993709010871 0.147904360051601 0.0603932126866626 0.0736053785194426 -0.022580407262383 0.995201001467672
1682704041.33264 -2.36254762780082 0.546761843215984 0.0460897491696444 0.0531939194369454 0.0675076273679169 -0.158173614157409 0.983663679804471
1682704041.63165 -2.02759286328719 0.624264953723297 0.130071150787207 0.0165100646850219 0.0606327722039693 -0.232148412814005 0.970648339578705
1682704041.93135 -1.68352426162993 0.655236580446606 -0.00237044558277381 0.0272483794175881 0.0276502943087202 -0.322670248674085 0.945715019265508
1682704042.13489 -1.48403169985017 0.613362737951293 0.102236839376504 0.0353503785519224 7.71792474304649e-05 -0.388848888060535 0.920623097165005
1682704042.43088 -1.11330479191663 0.496251347162631 0.018364978919203 0.0239392305194078 -0.0247226576040743 -0.443625653317369 0.895551217497842
1682704042.62866 -0.942456005997983 0.388460542770577 0.144822059329185 0.0307558622338862 -0.080932856378974 -0.430528608786619 0.898414752056559
1682704042.93355 -0.661741082177946 0.25602389754847 0.228967272115944 -0.0154449823608163 -0.0746695825760528 -0.394593008404895 0.915686771595924
1682704043.13608 -0.465004472656354 0.170168332784967 0.127017563871435 -0.058561456308068 -0.0929571215989445 -0.372559567443126 0.92148190328715
1682704043.33344 -0.314170591212944 0.100730504534686 0.104177334567066 -0.0490904493838303 -0.0726729198026774 -0.302238918056807 0.949189344081832
1682704043.63082 -0.207314819872735 0.0587722843339029 0.152400284140607 -0.0751942900979395 -0.0395138869138838 -0.14663173586346 0.985537216707361
1682704043.83562 -0.181996117813668 0.0392846518911358 0.0697725370033154 -0.0861053627409239 -0.02351658496758 -0.0502891103780682 0.994738077141968
1682704044.03977 -0.158977408438582 0.043998995690245 0.0189162412456265 -0.073349009901807 -0.0112497921861927 -0.0212987078929432 0.997015411096681
1682704044.33494 -0.133286191260143 0.0411953518626824 0.0113651602249727 -0.0731241330420556 0.00961687632943762 -0.000682905694795823 0.997276245829772
1682704044.53278 -0.124843787479794 0.0478461132377954 0.0503910975333118 -0.0742483146576891 0.00665484255173625 0.00753511939821239 0.997189110859499
1682704044.83112 -0.108223328231015 0.0449952781119526 -0.00972839493576011 -0.0603883277818641 0.00698469607954967 0.0245663826905807 0.997848163164059
1682704045.03376 -0.103219650777369 0.0384866196088989 -0.0198556711287277 -0.045155464273577 0.0121495173530558 0.0340591873995629 0.998325270153975
1682704045.2342 -0.0867286565930101 0.0304301960707452 0.00651782677773926 -0.0102429504225537 0.0320651728324814 0.0360853587339676 0.998781634564285
1682704045.43263 -0.0899663029081746 0.0222296872033241 -0.018616023300624 0.00137538866488952 0.0416281355409082 0.0307036642342573 0.998660348486911
1682704045.6397 -0.0738636055149621 0.0259007086929003 0.0108478828017566 0.000744932974246774 0.0471314959282569 0.0305076809941548 0.998422429919715
1682704045.93925 -0.0578052289624379 0.0258681940697287 0.0137332781667378 0.00102906772956324 0.0471581767535373 0.0495139666611061 0.997658967027497
1682704046.13235 -0.056131944219652 0.0193943552333956 0.011809704743528 0.00335241535347532 0.0437567733683973 0.054580953790278 0.997544498044588
1682704046.33486 -0.0448117484916069 0.0173443393601071 0.013520081900363 0.00476146281093516 0.0411544774204793 0.0597182564595848 0.997355186132591
1682704046.53449 -0.024848412286638 0.0165574346606206 0.0147893350164595 0.0023231145775087 0.0445363250088065 0.0707325528263192 0.996497880009808
1682704046.73195 -0.017354765140047 0.0103939391965327 0.00325230984898019 0.00632825245674142 0.0387392687603561 0.0671884102469751 0.996967873005565
1682704047.03317 0.000532518236594266 0.0124960885996671 0.00686808451208387 0.0160536126163337 0.0258566212901321 0.0523862436436041 0.998163011804353
1682704047.33086 0.00684114242454756 0.0152513022190882 0.0270497912205558 0.0100756890259376 0.0176698274645925 0.043769453272894 0.998834567207311
1682704047.63118 0.021325446282768 0.0215612765277537 0.0083930784180467 0.00397653779212748 0.0133708492812884 0.0338018451945595 0.99933119775084
1682704047.83131 0.0280483987327532 0.0216665663665033 0.0088003771323625 0.00319111750143117 0.0135503750182571 0.0349663128978486 0.999291529568967
1682704048.13043 0.0229110766281668 0.0212956132826494 0.0104768856688373 0.003028370866591 0.0119750213815084 0.0365234498924941 0.999256456291756
1682704048.33163 0.0218881849855345 0.0193657590107949 0.0115408484432819 0.00300305789561253 0.0122385109201023 0.0369399059449299 0.999238031623353
1682704048.63219 0.021893623897736 0.016550175293185 0.0104917712862175 0.0028234819037481 0.0123360597456825 0.0372946256638296 0.999224179289355
1682704048.83196 0.0245100740881098 0.0169653793880306 0.011424763721461 0.00272745216168999 0.0142208512623892 0.037416649474641 0.999194837224538
1682704049.03041 0.023548973404776 0.017481224060386 0.0103177396929761 0.00257974898996493 0.0144580271380285 0.0378220423045632 0.99917656270668
1682704049.23209 0.024734180099927 0.0188140416606315 0.00980140793805404 0.00262222296316066 0.0144706318328895 0.0378882373806447 0.99917376177984
1682704049.43156 0.0239912827088574 0.0182599028655099 0.00925778750093716 0.00258884068195648 0.0145131800815793 0.0377581124445312 0.999178157513699
1682704049.73189 0.0237305868937328 0.0181281337595645 0.00879520982273919 0.00276521603020669 0.0143625033328529 0.0376402560150116 0.999184308926759
1682704049.93186 0.0214301735671602 0.0179380470954071 0.00491220842891479 0.00277215231733536 0.0140242758662166 0.0377990013776516 0.999183101514837
1682704050.03091 0.0213968378104746 0.0151821807088261 0.00808514108678878 0.00397288685951139 0.0132320906643238 0.0381966150033579 0.999174732741445
