1682703968.53681
1682703968.63907
1682703968.7343
1682703968.83841
1682703968.93613
1682703969.03541
1682703969.13495
1682703969.23723
1682703969.33601
1682703969.43559
1682703969.53641
1682703969.63488
1682703969.73832
1682703969.83774
1682703969.93783
1682703970.0365
1682703970.13611
1682703970.2419
1682703970.33852
1682703970.43817
1682703970.53959
1682703970.63711
1682703970.73608
1682703970.83765
1682703970.93615
1682703971.03489
1682703971.13815
1682703971.23578
1682703971.43613
1682703971.53938
1682703971.63831
1682703971.83898
1682703971.93537
1682703972.03784
1682703972.23615
1682703972.33696
1682703972.43971
1682703972.63545
1682703972.73542
1682703972.93541
1682703973.13884
1682703973.23841
1682703973.43667
1682703973.53709
1682703973.73917
1682703973.83558
1682703974.03979
1682703974.3378
1682703974.53475
1682703974.73296
1682703975.03155
1682703975.23713
1682703975.34028
1682703975.54076
1682703975.83731
1682703976.03195
1682703976.24019
1682703976.53575
1682703976.73832
1682703976.93773
1682703977.23399
1682703977.43211
1682703977.63435
1682703977.93633
1682703978.23594
1682703978.43511
1682703978.63577
1682703978.93942
1682703979.13764
1682703979.33305
1682703979.5341
1682703979.73687
1682703979.93509
1682703980.23418
1682703980.53672
1682703980.73733
1682703980.93495
1682703981.13764
1682703981.33443
1682703981.63554
1682703981.83434
1682703982.13699
1682703982.23379
1682703982.43437
1682703982.63528
1682703982.93344
1682703983.13496
1682703983.33479
1682703983.5448
1682703983.73753
1682703983.93558
1682703984.23852
1682703984.53728
1682703984.83564
1682703985.0346
1682703985.33727
1682703985.6348
1682703985.83637
1682703986.03633
1682703986.33375
1682703986.53525
1682703986.83855
1682703987.03667
1682703987.23414
1682703987.43353
1682703987.53644
1682703987.73758
1682703987.93889
1682703988.13421
1682703988.43316
1682703988.63697
1682703988.83408
1682703989.03563
1682703989.23374
1682703989.53407
1682703989.83671
1682703990.03675
1682703990.23548
1682703990.43536
1682703990.73502
1682703990.93787
1682703991.1346
1682703991.43329
1682703991.63878
1682703991.83494
1682703992.13353
1682703992.23461
1682703992.43413
1682703992.73488
1682703992.93433
1682703993.23588
1682703993.43305
1682703993.6343
1682703993.83455
1682703994.03616
1682703994.33505
1682703994.54352
1682703994.73217
1682703995.0357
1682703995.23471
1682703995.532
1682703995.831
1682703996.13339
1682703996.43384
1682703996.73249
1682703996.93241
1682703997.13749
1682703997.4335
1682703997.63658
1682703997.93587
1682703998.13484
1682703998.33686
1682703998.53427
1682703998.83491
1682703999.13651
1682703999.33488
1682703999.53547
1682703999.73434
1682703999.93551
1682704000.23319
1682704000.4364
1682704000.73752
1682704000.93491
1682704001.1337
1682704001.4405
1682704001.63777
1682704001.9366
1682704002.23691
1682704002.43172
1682704002.73379
1682704002.93597
1682704003.23662
1682704003.4336
1682704003.73558
1682704003.93422
1682704004.13571
1682704004.43573
1682704004.63348
1682704004.83506
1682704005.13554
1682704005.33314
1682704005.63382
1682704005.93528
1682704006.13547
1682704006.43348
1682704006.63278
1682704006.9538
1682704007.23504
1682704007.43576
1682704007.63275
1682704007.83427
1682704008.03597
1682704008.33432
1682704008.63613
1682704008.83265
1682704009.03466
1682704009.33458
1682704009.63342
1682704009.83389
1682704010.13401
1682704010.43524
1682704010.73479
1682704010.93272
1682704011.23459
1682704011.53507
1682704011.73878
1682704011.9331
1682704012.23292
1682704012.43437
1682704012.64182
1682704012.8357
1682704013.03591
1682704013.33062
1682704013.63327
1682704013.93579
1682704014.23504
1682704014.43258
1682704014.73721
1682704014.93832
1682704015.23838
1682704015.53229
1682704015.83445
1682704016.03551
1682704016.33452
1682704016.53519
1682704016.83552
1682704017.03832
1682704017.33231
1682704017.53257
1682704017.73577
1682704018.03786
1682704018.23446
1682704018.53308
1682704018.73514
1682704019.0411
1682704019.24071
1682704019.43866
1682704019.73279
1682704019.93495
1682704020.23521
1682704020.43446
1682704020.7341
1682704021.03767
1682704021.33783
1682704021.53377
1682704021.73225
1682704022.03666
1682704022.23887
1682704022.43553
1682704022.73635
1682704022.93372
1682704023.23164
1682704023.53342
1682704023.73438
1682704023.93261
1682704024.33644
1682704024.53665
1682704024.73571
1682704025.03612
1682704025.23133
1682704025.53329
1682704025.63978
1682704025.94009
1682704026.23135
1682704026.43185
1682704026.63166
1682704026.9359
1682704027.13399
1682704027.33391
1682704027.73314
1682704028.03824
1682704028.23532
1682704028.4321
1682704028.73317
1682704028.93408
1682704029.23148
1682704029.52842
1682704029.72913
1682704030.03733
1682704030.23442
1682704030.53283
1682704030.63217
1682704030.93294
1682704031.13519
1682704031.4341
1682704031.73428
1682704031.93537
1682704032.23512
1682704032.43315
1682704032.63371
1682704032.83982
1682704033.13583
1682704033.33363
1682704033.63342
1682704033.83049
1682704034.03132
1682704034.2328
1682704034.53933
1682704034.73844
1682704035.04117
1682704035.13348
1682704035.43222
1682704035.63695
1682704035.94374
1682704036.13147
1682704036.33143
1682704036.53424
1682704036.8371
1682704037.03271
1682704037.33326
1682704037.63473
1682704037.83342
1682704038.13319
1682704038.33459
1682704038.53257
1682704038.73319
1682704039.03395
1682704039.33227
1682704039.6349
1682704039.84605
1682704040.23137
1682704040.43022
1682704040.73667
1682704041.03424
1682704041.33264
1682704041.63165
1682704041.93135
1682704042.13489
1682704042.43088
1682704042.62866
1682704042.93355
1682704043.13608
1682704043.33344
1682704043.63082
1682704043.83562
1682704044.03977
1682704044.33494
1682704044.53278
1682704044.83112
1682704045.03376
1682704045.2342
1682704045.43263
1682704045.6397
1682704045.93925
1682704046.13235
1682704046.33486
1682704046.53449
1682704046.73195
1682704047.03317
1682704047.33086
1682704047.63118
1682704047.83131
1682704048.13043
1682704048.33163
1682704048.63219
1682704048.83196
1682704049.03041
1682704049.23209
1682704049.43156
1682704049.73189
1682704049.93186
1682704050.03091
