1645002364.05213
1645002364.15191
1645002364.25361
1645002364.35259
1645002364.45255
1645002364.55276
1645002364.65323
1645002364.75186
1645002364.85224
1645002364.95623
1645002365.0535
1645002365.15279
1645002365.25201
1645002365.35375
1645002365.45342
1645002365.55217
1645002365.65233
1645002365.75234
1645002365.85234
1645002365.95302
1645002366.05256
1645002366.15207
1645002366.25335
1645002366.35462
1645002366.45276
1645002366.55227
1645002366.65296
1645002366.7516
1645002366.85181
1645002366.95193
1645002367.05224
1645002367.15268
1645002367.25223
1645002367.35289
1645002367.45202
1645002367.55292
1645002367.652
1645002367.75086
1645002367.85054
1645002367.95083
1645002368.05121
1645002368.15129
1645002368.25134
1645002368.35236
1645002368.45294
1645002368.55038
1645002368.65141
1645002368.75175
1645002368.95181
1645002369.0517
1645002369.15108
1645002369.25124
1645002369.35047
1645002369.45126
1645002369.65143
1645002369.75346
1645002369.85134
1645002369.9512
1645002370.05264
1645002370.25108
1645002370.35222
1645002370.45166
1645002370.65334
1645002370.75171
1645002370.85168
1645002371.05319
1645002371.15241
1645002371.25439
1645002371.45272
1645002371.5539
1645002371.75166
1645002371.85212
1645002371.95189
1645002372.15234
1645002372.25198
1645002372.45311
1645002372.55216
1645002372.75313
1645002372.95145
1645002373.05225
1645002373.25028
1645002373.4512
1645002373.55267
1645002373.75171
1645002373.95117
1645002374.15197
1645002374.25144
1645002374.45231
1645002374.65247
1645002374.85135
1645002374.95301
1645002375.15129
1645002375.35169
1645002375.45186
1645002375.65083
1645002375.85362
1645002375.9516
1645002376.15385
1645002376.35231
1645002376.45114
1645002376.65169
1645002376.75282
1645002376.95155
1645002377.15274
1645002377.25211
1645002377.45171
1645002377.55112
1645002377.75289
1645002377.95224
1645002378.05423
1645002378.25175
1645002378.35275
1645002378.55181
1645002378.65293
1645002378.8515
1645002378.95087
1645002379.15109
1645002379.25244
1645002379.4535
1645002379.55173
1645002379.75164
1645002379.95277
1645002380.05154
1645002380.1516
1645002380.35584
1645002380.55159
1645002380.65153
1645002380.85202
1645002380.95357
1645002381.15657
1645002381.25432
1645002381.45171
1645002381.55161
1645002381.75249
1645002381.85372
1645002382.05438
1645002382.15153
1645002382.35055
1645002382.4527
1645002382.65233
1645002382.85394
1645002382.95284
1645002383.15181
1645002383.25334
1645002383.45499
1645002383.55203
1645002383.75108
1645002383.85133
1645002384.05261
1645002384.25022
1645002384.35085
1645002384.55186
1645002384.75345
1645002384.85444
1645002385.05312
1645002385.2539
1645002385.45122
1645002385.55058
1645002385.75248
1645002385.95587
1645002386.15132
1645002386.25155
1645002386.45203
1645002386.65209
1645002386.85286
1645002387.05121
1645002387.15138
1645002387.35119
1645002387.55337
1645002387.75331
1645002387.95054
1645002388.15178
1645002388.35221
1645002388.45174
1645002388.65134
1645002388.85057
1645002389.05263
1645002389.25142
1645002389.44999
1645002389.55195
1645002389.75052
1645002389.94981
1645002390.15109
1645002390.35003
1645002390.55149
1645002390.7501
1645002390.95044
1645002391.14905
1645002391.35189
1645002391.5503
1645002391.65024
1645002391.85103
1645002392.05063
1645002392.25135
1645002392.45046
1645002392.65063
1645002392.85044
1645002393.05243
1645002393.25208
1645002393.45061
1645002393.64851
1645002393.85154
1645002394.05143
1645002394.25086
1645002394.45102
1645002394.64939
1645002394.95245
1645002395.14818
1645002395.35068
1645002395.54834
1645002395.64816
1645002395.94833
1645002396.05063
1645002396.3501
1645002396.55111
1645002396.74975
1645002396.95055
1645002397.14908
1645002397.35445
1645002397.5504
1645002397.75085
1645002397.95027
1645002398.15081
1645002398.45291
1645002398.65162
1645002398.85087
1645002399.1506
1645002399.24992
1645002399.55424
1645002399.74913
1645002399.94823
1645002400.14787
1645002400.34822
1645002400.65117
1645002400.84958
1645002401.04819
1645002401.24969
1645002401.54886
1645002401.74999
1645002401.94993
1645002402.1518
1645002402.44849
1645002402.65039
1645002402.85091
1645002403.04795
1645002403.35026
1645002403.54899
1645002403.75074
1645002404.04863
1645002404.24812
1645002404.44855
1645002404.75103
1645002404.94893
1645002405.24985
1645002405.44954
1645002405.65013
1645002405.85059
1645002406.15054
1645002406.34944
1645002406.65262
1645002406.85171
1645002407.14893
1645002407.35037
1645002407.64933
1645002407.84923
1645002408.04945
1645002408.35016
1645002408.54754
1645002408.7485
1645002409.05017
1645002409.25126
1645002409.54775
1645002409.75102
1645002409.95137
1645002410.24946
1645002410.45035
1645002410.64984
1645002410.94993
1645002411.14981
1645002411.3486
1645002411.64756
1645002411.85065
1645002412.14947
1645002412.35065
1645002412.54965
1645002412.85293
1645002413.05211
1645002413.24999
1645002413.44946
1645002413.74906
1645002413.9525
1645002414.14812
1645002414.44902
1645002414.64889
1645002414.8507
1645002415.15251
1645002415.35243
1645002415.65472
1645002415.85119
1645002416.05001
1645002416.35038
1645002416.55173
1645002416.75221
1645002416.95085
1645002417.15001
1645002417.44944
1645002417.6527
1645002417.95286
1645002418.14978
1645002418.35017
1645002418.65096
1645002418.85215
1645002419.05186
1645002419.35191
1645002419.55677
1645002419.85296
1645002420.05303
1645002420.35041
1645002420.55296
1645002420.85107
1645002421.0528
1645002421.25378
1645002421.54882
1645002421.75134
1645002422.05244
1645002422.35071
1645002422.55108
1645002422.74921
1645002423.05118
1645002423.25533
1645002423.552
1645002423.75046
1645002424.05118
1645002424.35308
1645002424.5506
1645002424.85014
1645002425.14954
1645002425.35139
1645002425.64967
1645002425.85004
1645002426.14812
1645002426.34863
1645002426.65224
1645002426.94997
1645002427.24941
1645002427.45052
1645002427.75233
1645002428.04947
1645002428.35327
1645002428.5499
1645002428.85277
1645002429.14935
1645002429.34836
1645002429.65235
1645002429.95093
1645002430.24859
1645002430.44829
1645002430.7505
1645002431.05134
1645002431.34888
1645002431.65267
1645002431.9512
1645002432.15028
1645002432.45073
1645002432.74933
1645002433.04893
1645002433.34884
1645002433.65093
1645002433.95022
1645002434.25066
1645002434.44849
1645002434.75032
1645002435.04778
1645002435.34866
1645002435.64849
1645002435.9486
1645002436.25117
1645002436.54843
1645002436.84985
1645002437.14946
1645002437.44973
1645002437.74891
1645002438.04877
1645002438.35346
1645002438.65045
1645002438.84983
1645002439.25133
1645002439.45079
1645002439.75069
1645002440.04727
1645002440.3501
1645002440.65064
1645002440.95017
1645002441.15155
1645002441.54881
1645002441.75002
1645002442.04892
1645002442.34995
1645002442.64999
1645002442.95134
1645002443.24925
1645002443.45077
1645002443.75512
1645002444.04913
1645002444.35084
1645002444.55024
1645002444.86078
1645002445.15029
1645002445.35029
1645002445.6509
1645002445.95056
1645002446.14901
1645002446.44854
1645002446.65018
1645002446.95043
1645002447.14948
1645002447.44801
1645002447.65179
1645002447.95014
1645002448.15183
1645002448.44853
1645002448.65008
1645002448.95161
1645002449.15139
1645002449.4516
1645002449.65468
1645002449.95359
1645002450.15062
1645002450.35125
1645002450.65192
1645002450.95002
1645002451.14817
1645002451.34997
1645002451.65072
1645002451.84981
1645002452.15031
1645002452.34945
1645002452.6512
1645002452.8508
1645002453.15016
1645002453.35338
1645002453.65005
1645002453.85206
1645002454.15055
1645002454.35012
1645002454.55064
1645002454.853
1645002455.14966
1645002455.34927
1645002455.64774
1645002455.84865
1645002456.15098
1645002456.44968
1645002456.64894
1645002456.94989
1645002457.25012
1645002457.54998
1645002457.74803
1645002458.04911
1645002458.24919
1645002458.54997
1645002458.84981
1645002459.14918
1645002459.44977
1645002459.75009
1645002459.95204
1645002460.35133
1645002460.64861
1645002460.94904
1645002461.24954
1645002461.54863
1645002461.84949
1645002462.15135
1645002462.44997
1645002462.75054
1645002463.1495
1645002463.45157
1645002463.75116
1645002464.0497
1645002464.44947
1645002464.75072
1645002465.04954
1645002465.35177
1645002465.75196
1645002466.04972
1645002466.34951
1645002466.65302
1645002466.94781
1645002467.24782
1645002467.65012
1645002467.95081
1645002468.2516
1645002468.55031
1645002468.85054
1645002469.14856
1645002469.44692
1645002469.84757
1645002470.14743
1645002470.4462
1645002470.65114
1645002471.0483
1645002471.34776
1645002471.6481
1645002471.95136
1645002472.24808
1645002472.54836
1645002472.74753
1645002473.04988
1645002473.34856
1645002473.64723
1645002474.04768
1645002474.34698
1645002474.64474
1645002474.94729
1645002475.24756
1645002475.44714
1645002475.84665
1645002476.14873
1645002476.4462
1645002476.74411
1645002477.04763
1645002477.34959
1645002477.64642
1645002477.94597
1645002478.24625
1645002478.54749
1645002478.94576
1645002479.24663
1645002479.54681
1645002479.84775
1645002480.14923
1645002480.4487
1645002480.74598
1645002481.04643
1645002481.3471
1645002481.64942
1645002481.94849
1645002482.3471
1645002482.65066
1645002482.9506
1645002483.24875
1645002483.54972
1645002483.74914
1645002484.04858
1645002484.3481
1645002484.64922
1645002485.04789
1645002485.3481
1645002485.64745
1645002485.94827
1645002486.24527
1645002486.54673
1645002486.8483
1645002487.14631
1645002487.55088
1645002487.8514
1645002488.14761
1645002488.54926
1645002488.84788
1645002489.24746
1645002489.54368
1645002489.95088
1645002490.34723
1645002490.64631
1645002491.04818
1645002491.44742
1645002491.84865
1645002492.24684
1645002492.64694
1645002493.04613
1645002493.44729
1645002493.84631
1645002494.2477
1645002494.64589
1645002495.04711
1645002495.44911
1645002495.85161
1645002496.24771
1645002496.64858
1645002497.04738
1645002497.35468
1645002497.75046
1645002498.14614
1645002498.54884
1645002498.94847
1645002499.24804
1645002499.64793
1645002500.04819
1645002500.44906
1645002500.74863
1645002501.24883
1645002501.55268
1645002501.94809
1645002502.34704
1645002502.6466
1645002503.04863
1645002503.44796
1645002503.84861
1645002504.24961
1645002504.64883
1645002505.04758
1645002505.45095
1645002505.74735
1645002506.14556
1645002506.54552
1645002506.94534
1645002507.34521
1645002507.74623
1645002508.14386
1645002508.54694
1645002508.94632
1645002509.35035
1645002509.74635
1645002510.15126
1645002510.54523
1645002510.94744
1645002511.24649
1645002511.64518
1645002512.04739
1645002512.44658
1645002512.84757
1645002513.24719
1645002513.64739
1645002514.04819
1645002514.44718
1645002514.84932
1645002515.147
1645002515.24857
1645002515.74736
1645002516.34849
1645002516.6458
1645002517.04981
1645002517.45121
1645002517.7473
1645002518.15172
1645002518.45177
1645002518.84909
1645002519.24838
1645002519.55148
1645002519.94898
1645002520.34815
1645002520.65017
1645002521.04856
1645002521.45018
1645002521.75042
1645002522.14906
1645002522.55009
1645002522.84919
1645002523.24605
1645002523.64912
1645002524.04843
1645002524.44579
1645002524.8485
1645002525.24605
1645002525.54483
1645002525.94792
1645002526.44731
1645002526.7493
1645002527.15077
1645002527.54727
1645002527.94789
1645002528.34903
1645002528.75508
1645002529.14819
1645002529.54869
1645002529.95526
1645002530.349
1645002530.74859
1645002531.14677
1645002531.54807
1645002531.94862
1645002532.3467
1645002532.74727
1645002533.24783
1645002533.64685
1645002534.04893
1645002534.45095
1645002534.84862
1645002535.34705
1645002535.74694
1645002536.14843
1645002536.55136
1645002536.94746
1645002537.34578
1645002537.74533
1645002538.24582
1645002538.64932
1645002539.04794
1645002539.44418
1645002539.84514
1645002540.34792
1645002540.74487
1645002541.2459
1645002541.64535
1645002542.04537
1645002542.54731
1645002542.94809
1645002543.34465
1645002543.84855
1645002544.244
1645002544.64544
1645002545.04853
1645002545.44726
1645002545.84168
1645002546.34252
1645002546.743
1645002547.14365
1645002547.5431
1645002547.94301
1645002548.44566
1645002548.84199
1645002549.24252
1645002549.74312
1645002550.14194
1645002550.54187
1645002550.9435
1645002551.34161
1645002551.74364
1645002552.24274
1645002552.64524
1645002552.94231
1645002553.44178
1645002553.84271
1645002554.24309
1645002554.64655
1645002555.04306
1645002555.44343
1645002555.84714
1645002556.34198
1645002556.74322
1645002557.1485
1645002557.54287
1645002557.9432
1645002558.34447
1645002558.74399
1645002559.14378
1645002559.54368
1645002559.94443
1645002560.34462
1645002560.7422
1645002561.14332
1645002561.64453
1645002562.04161
1645002562.54337
1645002562.95179
1645002563.45191
1645002563.8489
1645002564.24557
1645002564.74341
1645002565.14422
1645002565.54413
1645002566.0431
1645002566.44206
1645002566.84459
1645002567.34133
1645002567.74263
1645002568.2443
1645002568.65075
1645002569.14243
1645002569.64427
1645002570.05358
1645002570.54277
1645002570.94659
1645002571.34268
1645002571.74548
1645002572.2445
1645002572.64393
1645002573.14588
1645002573.5462
1645002573.94738
1645002574.45325
1645002574.84385
1645002575.34409
1645002575.84322
1645002576.24336
1645002576.64341
1645002577.0421
1645002577.5422
1645002577.94276
1645002578.4467
1645002578.84353
1645002579.34182
1645002579.74096
1645002580.24291
1645002580.74596
1645002581.24382
1645002581.74387
1645002582.14315
1645002582.54339
1645002583.04247
1645002583.44368
1645002583.94292
1645002584.44362
1645002584.84329
1645002585.34464
1645002585.74245
1645002586.24398
1645002586.74303
1645002587.24147
1645002587.64284
1645002588.14508
1645002588.54503
1645002588.94334
1645002589.44406
1645002589.84458
1645002590.24288
1645002590.64643
1645002591.04714
1645002591.54122
1645002591.94526
1645002592.4431
1645002592.94465
1645002593.44428
1645002593.84536
1645002594.34253
1645002594.84374
1645002595.34221
1645002595.84397
1645002596.24257
1645002596.74209
1645002597.24493
1645002597.74497
1645002598.3445
1645002598.74343
1645002599.24261
1645002599.64336
1645002600.1453
1645002600.64648
1645002601.2449
1645002601.64463
1645002602.14133
1645002602.74353
1645002603.24151
1645002603.84213
1645002604.34356
1645002604.74507
1645002605.34263
1645002605.84545
1645002606.44014
1645002606.942
1645002607.44489
1645002607.94467
1645002608.54427
1645002609.04187
1645002609.74285
1645002610.24315
1645002610.74211
1645002611.34053
1645002611.84312
1645002612.34449
1645002612.94266
1645002613.44123
1645002613.9419
1645002614.44207
1645002614.93957
1645002615.54127
1645002616.04149
1645002616.54029
1645002617.04069
1645002617.54467
1645002618.04497
1645002618.64148
1645002619.03981
1645002619.54103
1645002620.04431
1645002620.54318
1645002621.03943
1645002621.54122
1645002622.04027
1645002622.54044
1645002623.04052
1645002623.54056
1645002624.04185
1645002624.64088
1645002625.14268
1645002625.64011
1645002626.14099
1645002626.74025
1645002627.3403
1645002627.95116
1645002628.34447
1645002628.84086
1645002629.34231
1645002629.83857
1645002630.44259
1645002630.94092
1645002631.44106
1645002631.93956
1645002632.44042
1645002632.93818
1645002633.43755
1645002633.93775
1645002634.43832
1645002634.93916
1645002635.33805
1645002635.83901
1645002636.2388
1645002636.63924
1645002637.03963
1645002637.44007
1645002637.84212
1645002638.2387
1645002638.63789
1645002639.03923
1645002639.43789
1645002639.83882
1645002640.23925
1645002640.63969
1645002640.93878
1645002641.43889
1645002641.83779
1645002642.23954
1645002642.6383
1645002643.03898
1645002643.44002
1645002643.83911
1645002644.23764
1645002644.64075
1645002645.03802
1645002645.5389
1645002645.93818
1645002646.54101
1645002647.04019
1645002647.53764
1645002648.03864
1645002648.53926
1645002649.03727
1645002649.74011
1645002650.23908
1645002650.74709
1645002651.2408
1645002651.73945
