1604559016.00704
1604559017.60753
1604559018.60819
1604559019.40842
1604559020.20733
1604559021.00762
1604559021.60737
1604559022.20859
1604559022.80844
1604559023.40838
1604559024.0082
1604559024.60796
1604559025.20784
1604559025.80773
1604559026.40754
1604559026.8084
1604559027.20779
1604559027.60723
1604559028.00805
1604559028.40751
1604559028.80834
1604559029.20811
1604559029.80761
1604559030.20838
1604559030.6079
1604559031.00731
1604559031.60716
1604559032.2084
1604559032.80817
1604559033.20766
1604559033.8076
1604559034.2083
1604559034.60785
1604559035.00724
1604559035.40807
1604559035.80746
1604559036.40731
1604559037.00724
1604559037.60837
1604559038.20872
1604559038.80807
1604559039.40791
1604559040.00778
1604559040.60764
1604559041.40788
1604559042.4072
1604559043.20744
1604559044.00774
1604559044.60755
1604559045.2092
1604559045.80857
1604559046.40843
1604559047.0083
1604559047.60811
1604559048.208
1604559048.80784
1604559049.40767
1604559050.00887
1604559050.60874
1604559051.2086
1604559051.80841
1604559052.40846
1604559053.00812
1604559053.60798
1604559054.20782
1604559054.80771
1604559055.40756
1604559056.0074
1604559056.60726
1604559057.20844
1604559057.80828
1604559058.40813
1604559059.00799
1604559059.6083
1604559060.00729
1604559060.40811
1604559060.80755
1604559061.20848
1604559061.60783
1604559062.0086
1604559062.40807
1604559062.80751
1604559063.20839
1604559063.60775
1604559064.00858
1604559064.60842
1604559065.20826
1604559065.80809
1604559066.40803
1604559067.00784
1604559067.60767
1604559068.20751
1604559069.00776
1604559069.808
1604559070.60828
1604559071.40852
1604559072.20877
1604559072.80865
1604559073.40848
1604559074.00836
1604559074.60819
1604559075.20806
1604559075.8079
1604559076.40833
1604559077.0076
1604559077.4084
1604559077.80786
1604559078.4077
1604559079.00755
1604559079.40834
1604559079.80781
1604559080.20861
1604559080.60807
1604559081.00752
1604559081.40836
1604559081.80774
1604559082.20855
1604559082.60801
1604559083.00748
1604559083.40824
1604559083.80771
1604559084.20851
1604559084.60799
1604559085.00746
1604559085.40823
1604559085.80766
1604559086.20853
1604559086.60797
1604559087.00871
1604559087.40817
1604559087.80763
1604559088.20839
1604559088.60788
1604559089.00867
1604559089.40812
1604559089.80759
1604559090.20955
1604559090.60785
1604559091.00868
1604559091.40805
1604559091.80753
1604559092.20838
1604559092.60779
1604559093.00858
1604559093.40804
1604559093.80746
1604559094.20834
1604559094.60774
1604559095.00853
1604559095.40799
1604559095.80884
1604559096.20824
1604559096.6077
1604559097.00847
1604559097.40795
1604559097.80737
1604559098.20817
1604559098.60765
1604559099.00841
1604559099.40788
1604559099.80734
1604559100.20815
1604559100.60758
1604559101.00838
1604559101.40784
1604559101.80863
1604559102.20808
1604559102.60755
1604559103.00833
1604559103.4078
1604559103.8086
1604559104.20806
1604559104.60753
1604559105.00829
1604559105.40776
1604559105.80856
1604559106.208
1604559106.60753
1604559107.00826
1604559107.4077
1604559107.80851
1604559108.20795
1604559108.60743
1604559109.00822
1604559109.40766
1604559109.80846
1604559110.2079
1604559110.60869
1604559111.00818
1604559111.40897
1604559111.80841
1604559112.20793
1604559112.60867
1604559113.00813
1604559113.40889
1604559113.80834
1604559114.20914
1604559114.60861
1604559115.00807
1604559115.60794
1604559116.2091
1604559116.80898
1604559117.6079
1604559118.6085
1604559120.2077
1604559121.00932
1604559121.8082
1604559122.60855
1604559123.40873
1604559124.40801
1604559125.40862
1604559126.2089
1604559127.0078
1604559127.80806
1604559128.40791
1604559129.00778
1604559129.60759
1604559130.00842
1604559130.40786
1604559130.80867
1604559131.20809
1604559131.60754
1604559132.00837
1604559132.40784
1604559132.80862
1604559133.20807
1604559133.60886
1604559134.00828
1604559134.40908
1604559134.80865
1604559135.20803
1604559135.8095
1604559136.40905
1604559137.0089
1604559137.60877
1604559138.20729
1604559138.60809
1604559139.00887
1604559139.40831
1604559139.80779
1604559140.20858
1604559140.60805
1604559141.00882
1604559141.40827
1604559141.80771
1604559142.20852
1604559142.60808
1604559143.00877
1604559143.4083
1604559143.809
1604559144.2085
1604559144.60927
1604559145.00874
1604559145.4082
1604559145.80901
1604559146.20841
1604559146.60927
1604559147.00737
1604559147.40818
1604559147.60854
1604559148.00806
1604559148.20844
1604559148.40877
1604559148.60785
1604559148.80829
1604559149.00869
1604559149.20778
1604559149.40809
1604559149.80893
1604559150.20835
1604559150.60787
1604559150.80818
1604559151.0086
1604559151.20902
1604559151.60853
1604559152.00791
1604559152.40869
1604559152.80816
1604559153.20759
1604559153.6084
1604559154.00786
1604559154.40868
1604559154.80816
1604559155.2089
1604559155.60835
1604559156.00917
1604559156.40859
1604559156.80804
1604559157.2075
1604559157.6083
1604559157.80872
1604559158.00787
1604559158.20817
1604559158.40854
1604559158.60897
1604559158.80807
1604559159.00839
1604559159.20882
1604559159.40791
1604559159.60827
1604559159.80867
1604559160.00782
1604559160.20815
1604559160.4086
1604559160.60891
1604559160.80797
1604559161.00842
1604559161.20878
1604559161.4078
1604559161.60824
1604559161.80868
1604559162.20941
1604559162.60895
1604559163.00839
1604559163.40921
1604559163.80858
1604559164.20813
1604559164.60885
1604559165.00962
1604559165.40906
1604559165.80857
1604559166.208
1604559166.60885
1604559167.00957
1604559167.40904
1604559167.80849
1604559168.20794
1604559168.60871
1604559169.0096
1604559169.40904
1604559169.80849
1604559170.20787
1604559170.60878
1604559171.00945
1604559171.40898
1604559171.8084
1604559172.20792
1604559172.60866
1604559173.00814
1604559173.40889
1604559173.80836
1604559174.20779
1604559174.60867
1604559175.00805
1604559175.40888
1604559175.80829
1604559176.20916
1604559176.60856
1604559177.00803
1604559177.40883
1604559177.80834
1604559178.20905
1604559178.6085
1604559179.00797
1604559179.40881
1604559179.80822
1604559180.20909
1604559180.60844
1604559181.0079
1604559181.4087
1604559181.80823
1604559182.20897
1604559182.60845
1604559183.00923
1604559183.40868
1604559183.8081
1604559184.20757
1604559184.60835
1604559185.00788
1604559185.40864
1604559185.8081
1604559186.20888
1604559186.60833
1604559187.0091
1604559187.40857
1604559187.80803
1604559188.20881
1604559188.60828
1604559189.00917
1604559189.40854
1604559189.80933
1604559190.20878
1604559190.60965
1604559191.00769
1604559191.40857
1604559191.80925
1604559192.20876
1604559192.60953
1604559193.00769
1604559193.40846
1604559193.80922
1604559194.2087
1604559194.60816
1604559195.00894
1604559195.40973
1604559195.80918
1604559196.20869
1604559196.60942
1604559197.0089
1604559197.40836
1604559197.80913
1604559198.20859
1604559198.60942
1604559199.00751
1604559199.40835
1604559199.80909
1604559200.20995
1604559200.60934
1604559201.00879
1604559201.40827
1604559201.80908
1604559202.20851
1604559202.60933
1604559203.00875
1604559203.40822
1604559203.809
1604559204.20858
1604559204.60792
1604559205.00881
1604559205.40815
1604559205.80896
1604559206.20843
1604559206.60923
1604559207.00867
1604559207.40947
1604559207.80889
1604559208.20844
1604559208.60913
1604559209.00869
1604559209.4081
1604559209.80884
1604559210.20967
1604559210.60913
1604559211.00858
1604559211.4081
1604559211.80882
1604559212.20833
1604559212.60907
1604559213.00993
1604559213.40932
1604559213.80881
1604559214.20955
1604559214.60909
1604559215.00851
1604559215.40931
1604559215.80874
1604559216.2082
1604559216.60898
1604559217.00846
1604559217.40788
1604559217.8087
1604559218.20815
1604559218.60902
1604559219.00838
1604559219.40918
1604559219.80865
1604559220.20817
1604559220.60889
1604559221.00845
1604559221.40914
1604559221.80865
1604559222.20807
1604559222.60885
1604559223.00963
1604559223.4091
1604559223.80854
1604559224.20939
1604559224.60878
1604559225.00963
1604559225.40904
1604559225.80855
1604559226.20798
1604559226.6088
1604559227.00821
1604559227.40909
1604559227.80847
1604559228.20939
1604559228.60872
1604559229.00954
1604559229.40897
1604559229.80845
1604559230.20921
1604559230.60873
1604559231.00945
1604559231.60929
1604559232.20923
1604559232.809
1604559233.40885
1604559234.00872
1604559234.60857
1604559235.20842
1604559235.60922
1604559236.00868
1604559236.40946
1604559236.80893
1604559237.20973
1604559237.60918
1604559238.00864
1604559238.40943
1604559238.80895
1604559239.20835
1604559239.60918
1604559240.00859
1604559240.40806
1604559240.80884
1604559241.20838
1604559241.60909
1604559242.00986
1604559242.40934
1604559242.80888
1604559243.20824
1604559243.60916
1604559244.00982
1604559244.40929
1604559244.80873
1604559245.20954
1604559245.609
1604559246.00977
1604559246.40924
1604559246.80869
1604559247.20949
1604559247.60908
1604559248.00974
1604559248.40921
1604559248.80866
1604559249.20972
1604559249.60897
1604559250.00835
1604559250.40917
1604559250.80866
1604559251.2094
1604559251.60883
1604559252.00963
1604559252.40919
1604559252.80857
1604559253.2081
1604559253.60882
1604559254.00828
1604559254.40908
1604559254.80852
1604559255.20932
1604559255.60882
1604559256.0082
1604559256.40909
1604559256.80844
1604559257.20934
1604559257.6087
1604559258.00829
1604559258.40897
1604559258.80842
1604559259.20923
1604559259.6087
1604559260.00944
1604559260.40898
1604559260.80839
1604559261.20927
1604559261.60861
1604559262.0094
1604559262.40888
1604559262.80831
1604559263.20913
1604559263.60857
1604559264.00936
1604559264.40884
1604559264.80828
1604559265.20975
1604559265.60853
1604559266.00968
1604559266.40878
1604559266.80957
1604559267.20905
1604559267.60848
1604559268.00797
1604559268.40875
1604559268.80955
1604559269.20938
1604559269.60846
1604559270.00987
1604559270.20832
1604559270.60914
1604559271.20894
1604559271.60844
1604559272.00918
1604559272.40866
1604559272.80812
1604559273.20933
1604559273.60838
1604559274.00916
1604559274.40862
1604559274.8094
1604559275.20885
1604559275.60832
1604559276.00911
1604559276.40903
1604559276.80934
1604559277.21016
1604559277.6096
1604559278.00905
1604559278.40988
1604559278.80937
1604559279.20877
1604559279.60953
1604559280.00902
1604559280.409
1604559280.80925
1604559281.2087
1604559281.60818
1604559282.00898
1604559282.40976
1604559282.80921
1604559283.20869
1604559283.61028
1604559284.01024
1604559284.40971
1604559284.80919
1604559285.20994
1604559285.60943
1604559286.00896
1604559286.40833
1604559286.80976
1604559287.2086
1604559287.60944
1604559288.00886
1604559288.40834
1604559288.80909
1604559289.20858
1604559289.60934
1604559290.01064
1604559290.40958
1604559290.80905
1604559291.20848
1604559291.60928
1604559292.0088
1604559292.40952
1604559292.80901
1604559293.20977
1604559293.60923
1604559294.00868
1604559294.40949
1604559294.80895
1604559295.20841
1604559295.6098
1604559296.00864
1604559296.40943
1604559296.60852
1604559297.00935
1604559297.20844
1604559297.40876
1604559297.60917
1604559297.8096
1604559298.0086
1604559298.20901
1604559298.40944
1604559298.80886
1604559299.20833
1604559299.60908
1604559300.00858
1604559300.40937
1604559300.80882
1604559301.00923
1604559301.20961
1604559301.41
1604559301.60907
1604559301.80948
1604559302.00983
1604559302.20892
1604559302.40932
1604559302.60967
1604559302.81031
1604559303.00915
1604559303.20958
1604559303.41
1604559303.60998
1604559303.80938
1604559304.00982
1604559304.21023
1604559304.40936
1604559304.60963
1604559304.8101
1604559305.00913
1604559305.40987
1604559305.80939
1604559306.21014
1604559306.60962
1604559307.00908
1604559307.40989
1604559307.8093
1604559308.21018
1604559308.60958
1604559309.00907
1604559309.4085
1604559309.80937
1604559310.21007
1604559310.60958
1604559311.00898
1604559311.40979
1604559311.80925
1604559312.20869
1604559312.60956
1604559313.009
1604559313.40971
1604559313.80924
1604559314.20996
1604559314.60949
1604559315.00888
1604559315.4097
1604559315.80911
1604559316.20992
1604559316.60936
1604559317.00885
1604559317.40964
1604559317.80913
1604559318.20855
1604559318.60944
1604559319.01012
1604559319.40966
1604559319.80903
1604559320.20983
1604559320.6093
1604559321.00887
1604559321.40961
1604559321.80908
1604559322.20979
1604559322.60935
1604559323.01005
1604559323.40949
1604559323.80893
1604559324.2085
1604559324.60922
1604559325.01002
1604559325.40945
1604559325.80902
1604559326.20972
1604559326.60922
1604559327.00995
1604559327.40943
1604559327.80889
1604559328.20833
1604559328.60913
1604559329.00996
1604559329.40936
1604559329.81022
1604559330.20963
1604559330.60917
1604559331.00985
1604559331.40941
1604559331.80879
1604559332.20827
1604559332.60904
1604559333.20889
1604559333.80875
1604559334.4086
1604559335.00843
1604559335.60963
1604559336.20954
1604559336.80935
1604559337.40917
1604559338.00903
1604559338.40983
1604559338.80928
1604559339.21009
1604559339.60971
1604559340.009
1604559340.40978
1604559340.80923
1604559341.20871
1604559341.6095
1604559342.00896
1604559342.40972
1604559342.80921
1604559343.20863
1604559343.60942
1604559344.00888
1604559344.40968
1604559344.80916
1604559345.20859
1604559345.60941
1604559346.00885
1604559346.40963
1604559346.80911
1604559347.20991
1604559347.60937
1604559348.20922
1604559348.80904
1604559349.20987
1604559349.60932
1604559350.00879
1604559350.40957
1604559350.80901
1604559351.20983
1604559351.60927
1604559352.01006
1604559352.40952
1604559352.80898
1604559353.20992
1604559353.60923
1604559354.00869
1604559354.40947
1604559354.80893
1604559355.2097
1604559355.60928
1604559356.00869
1604559356.40963
1604559356.8089
1604559357.20967
1604559357.60914
1604559358.00927
1604559358.40938
1604559358.80887
1604559359.20968
1604559359.6099
1604559360.00852
1604559360.40933
1604559360.80877
1604559361.20958
1604559361.60904
1604559362.00983
1604559362.40934
1604559362.81008
1604559363.20955
1604559363.80939
1604559364.41016
1604559365.00914
1604559365.40856
1604559365.80939
1604559366.20881
1604559366.60962
1604559367.00905
1604559367.40987
1604559367.80929
1604559368.21016
1604559368.60954
1604559369.01031
1604559369.61023
1604559370.20874
1604559370.8099
1604559371.60882
1604559372.41039
1604559373.40968
1604559374.41035
1604559375.20931
1604559376.0095
1604559376.8098
1604559377.40961
1604559378.00945
1604559378.60933
1604559379.20917
1604559379.80904
1604559380.40893
1604559381.0101
1604559381.60992
1604559382.20976
1604559382.60924
1604559383.01003
1604559383.40955
1604559383.81028
1604559384.20987
1604559384.8096
1604559385.40945
1604559386.00929
1604559386.60916
1604559387.21033
1604559387.81018
1604559388.41004
1604559389.00997
1604559389.81018
1604559391.0085
1604559392.60902
1604559401.80987
1604559402.80917
1604559403.60945
1604559404.20933
1604559404.80914
1604559405.41031
1604559406.00893
1604559406.80953
1604559407.60952
1604559408.2092
1604559408.80906
1604559409.40892
1604559410.01014
1604559410.40954
1604559410.80901
1604559411.2098
1604559411.60982
1604559412.01008
1604559412.40947
1604559412.80897
1604559413.20975
1604559413.60921
1604559414.00999
1604559414.40947
1604559414.80892
1604559415.20971
1604559415.60916
1604559416.00993
1604559416.4094
1604559416.81021
1604559417.20966
1604559417.60909
1604559418.00992
1604559418.40938
1604559418.81013
1604559419.20963
1604559419.61038
1604559420.00986
1604559420.40931
1604559420.81012
1604559421.20956
1604559421.61036
1604559422.00979
1604559422.40927
1604559422.81008
1604559423.20952
1604559423.60937
1604559424.00976
1604559424.40965
1604559424.80868
1604559425.20948
1604559425.60894
1604559426.01032
1604559426.4092
1604559426.80995
1604559427.20943
1604559427.60936
1604559428.00974
1604559428.40953
1604559428.80995
1604559429.20937
1604559429.60884
1604559430.00963
1604559430.4091
1604559430.80991
1604559431.2094
1604559431.61017
1604559432.00958
1604559432.40903
1604559432.80985
1604559433.20976
1604559433.61006
1604559434.00954
1604559434.40899
1604559434.81022
1604559435.21059
1604559435.61002
1604559436.0095
1604559436.41096
1604559436.80973
1604559437.20922
1604559437.60998
1604559438.00974
1604559438.41022
1604559438.8097
1604559439.21047
1604559439.40954
1604559439.60995
1604559439.81033
1604559440.01074
1604559440.20988
1604559440.41019
1604559440.61059
1604559441.01006
1604559441.21043
1604559441.60996
1604559441.81035
1604559442.20976
1604559442.41015
1604559442.60921
1604559442.80959
1604559443.00999
1604559443.20908
1604559443.40946
1604559443.61053
1604559443.81024
1604559444.20975
1604559444.41017
1604559444.61049
1604559445.00995
1604559445.21037
1604559445.40941
1604559445.81026
1604559446.00964
1604559446.20964
1604559446.41016
1604559446.80952
1604559447.21029
1604559447.60977
1604559448.00922
1604559448.41002
1604559448.80948
1604559449.21025
1604559449.60973
1604559450.01052
1604559450.40995
1604559450.80943
1604559451.2089
1604559451.60968
1604559452.01048
1604559452.40993
1604559452.81069
1604559453.2102
1604559453.60964
1604559454.01041
1604559454.40994
1604559454.81067
1604559455.21014
1604559455.60968
1604559456.01038
1604559456.40985
1604559456.81064
1604559457.21008
1604559457.60955
1604559458.01032
1604559458.40977
1604559458.81059
1604559459.21004
1604559459.60948
1604559460.01029
1604559460.40974
1604559460.81055
1604559461.21
1604559461.61079
1604559462.01022
1604559462.40972
1604559462.8105
1604559463.20998
1604559463.61074
1604559464.01018
1604559464.40965
1604559464.81044
1604559465.21041
1604559465.6107
1604559466.01013
1604559466.40961
1604559466.81041
1604559467.20989
1604559467.61077
1604559468.01011
1604559468.40957
1604559468.81036
1604559469.20981
1604559469.61061
1604559470.01006
1604559470.40954
1604559470.81031
1604559471.20978
1604559471.60924
1604559472.01002
1604559472.40948
1604559472.81028
1604559473.20973
1604559473.60918
1604559473.80964
1604559474.00997
1604559474.21037
1604559474.40947
1604559474.60984
1604559474.81023
1604559475.00929
1604559475.20967
1604559475.41012
1604559475.6092
1604559475.80951
1604559476.00999
1604559476.21035
1604559476.41072
1604559476.60976
1604559476.81019
1604559477.01066
1604559477.20962
1604559477.41004
1604559477.6104
1604559477.81085
1604559478.00988
1604559478.21028
1604559478.41072
1604559478.60979
1604559478.81017
1604559479.0092
1604559479.20957
1604559479.40999
1604559479.61038
1604559479.80945
1604559480.00985
1604559480.21029
1604559480.60968
1604559481.00913
1604559481.20956
1604559481.40994
1604559481.81076
1604559482.21019
1604559482.60965
1604559483.01046
1604559483.40994
1604559483.80936
1604559484.20887
1604559484.60959
1604559485.01045
1604559485.41018
1604559485.80933
1604559486.2101
1604559486.60959
1604559487.01035
1604559487.40984
1604559487.8106
1604559488.2101
1604559488.61084
1604559489.00897
1604559489.40976
1604559489.8093
1604559490.21002
1604559490.60954
1604559491.01026
1604559491.40972
1604559491.81048
1604559492.20998
1604559492.61074
1604559493.01026
1604559493.411
1604559493.81049
1604559494.20993
1604559494.61073
1604559495.01017
1604559495.40963
1604559495.81041
1604559496.20987
1604559496.60933
1604559497.0102
1604559497.4096
1604559497.81047
1604559498.2098
1604559498.60927
1604559499.01006
1604559499.41089
1604559499.81034
1604559500.2098
1604559500.61055
1604559501.01002
1604559501.41081
1604559501.81035
1604559502.20971
1604559502.61057
1604559503.00997
1604559503.40947
1604559503.81024
1604559504.21107
1604559504.61046
1604559505.01001
1604559505.41073
1604559505.81026
1604559506.20966
1604559506.61054
1604559507.01122
1604559507.41071
1604559507.81012
1604559508.20963
1604559508.61037
1604559509.01
1604559509.40932
1604559509.81008
1604559510.20957
1604559510.61036
1604559511.01112
1604559511.41061
1604559511.81006
1604559512.20957
1604559512.40993
1604559512.61027
1604559512.80935
1604559513.00982
1604559513.21018
1604559513.41052
1604559513.60964
1604559513.81002
1604559514.01041
1604559514.20948
1604559514.40986
1604559514.6103
1604559514.80933
1604559515.00971
1604559515.21017
1604559515.41059
1604559515.60958
1604559515.80996
1604559516.01038
1604559516.2108
1604559516.61019
1604559517.01104
1604559517.41045
1604559517.80991
1604559518.20939
1604559518.61024
1604559519.01097
1604559519.41047
1604559519.80987
1604559520.21072
1604559520.61013
1604559521.01099
1604559521.41038
1604559521.8098
1604559522.2106
1604559522.61007
1604559523.01087
1604559523.41037
1604559523.80979
1604559524.2093
1604559524.61004
1604559525.00948
1604559525.41027
1604559525.80974
1604559526.21052
1604559526.61
1604559527.01077
1604559527.41035
1604559527.81101
1604559528.21054
1604559528.60992
1604559529.00941
1604559529.20977
1604559529.41019
1604559529.61065
1604559529.80965
1604559530.01008
1604559530.21042
1604559530.40951
1604559530.6099
1604559530.81093
1604559531.20973
1604559531.61051
1604559532.01001
1604559532.40946
1604559532.81027
1604559533.21145
1604559533.6105
1604559534.00996
1604559534.41075
1604559534.81069
1604559535.20966
1604559535.61081
1604559536.01123
1604559536.41115
1604559536.81017
1604559537.21093
1604559537.61041
1604559538.00988
1604559538.21025
1604559538.41068
1604559538.61102
1604559538.81011
1604559539.01051
1604559539.21092
1604559539.40999
1604559539.61038
1604559539.81076
1604559540.00982
1604559540.21026
1604559540.40928
1604559540.60968
1604559540.81007
1604559541.01057
1604559541.21086
1604559541.40991
1604559541.6103
1604559541.81072
1604559542.01112
1604559542.21017
1604559542.41057
1604559542.61098
1604559542.81006
1604559543.01039
1604559543.21083
1604559543.41125
1604559543.61032
1604559543.81065
1604559544.01103
1604559544.21019
1604559544.41049
1604559544.61092
1604559544.80997
1604559545.01037
1604559545.21078
1604559545.41115
1604559545.61024
1604559545.81067
1604559546.01167
1604559546.21006
1604559546.41049
1604559546.61086
1604559546.81124
1604559547.0103
1604559547.2107
1604559547.4111
1604559547.61015
1604559547.81057
1604559548.00962
1604559548.21003
1604559548.41107
1604559548.6108
1604559548.80986
1604559549.01034
1604559549.21071
1604559549.40975
1604559549.61016
1604559549.81051
1604559550.01096
1604559550.21132
1604559550.41037
1604559550.61082
1604559550.8112
1604559551.01027
1604559551.21063
1604559551.61009
1604559552.00954
1604559552.41032
1604559552.80979
1604559553.21056
1604559553.61002
1604559554.01091
1604559554.41032
1604559554.81105
1604559555.01016
1604559555.21055
1604559555.41102
1604559555.61016
1604559555.8104
1604559556.01079
1604559556.2112
1604559556.41053
1604559556.61065
1604559556.81104
1604559557.01016
1604559557.21051
1604559557.4109
1604559557.6113
1604559557.81035
1604559558.01075
1604559558.21113
1604559558.41037
1604559558.61062
1604559558.81122
1604559559.01003
1604559559.21051
1604559559.41088
1604559559.61126
1604559559.8103
1604559560.00938
1604559560.20976
1604559560.41038
1604559560.61057
1604559560.80963
1604559561.01008
1604559561.21041
1604559561.40949
1604559561.60987
1604559561.81027
1604559562.01065
1604559562.21106
1604559562.41149
1604559562.61057
1604559562.81091
1604559563.01129
1604559563.41084
1604559563.81022
1604559564.21106
1604559564.61048
1604559565.00994
1604559565.41072
1604559565.81022
1604559566.20965
1604559566.6105
1604559567.0112
1604559567.41072
1604559567.81014
1604559568.21097
1604559568.61039
1604559569.01122
1604559569.41063
1604559569.8101
1604559570.20963
1604559570.61042
1604559571.00978
1604559571.41066
1604559571.81005
1604559572.21087
1604559572.40992
1604559572.61032
1604559572.81065
1604559573.00983
1604559573.21014
1604559573.41055
1604559573.60959
1604559573.81007
1604559574.01038
1604559574.21079
1604559574.40989
1604559574.61029
1604559574.81063
1604559575.01104
1604559575.21146
1604559575.41056
1604559575.61087
1604559575.81127
1604559576.01036
1604559576.21076
1604559576.41154
1604559576.61019
1604559576.8106
1604559577.0097
1604559577.21003
1604559577.41046
1604559577.61085
1604559577.81002
1604559578.01028
1604559578.21067
1604559578.40986
1604559578.61017
1604559578.81056
1604559579.00962
1604559579.21005
1604559579.4105
1604559579.61078
1604559579.8112
1604559580.01161
1604559580.21068
1604559580.41107
1604559580.61011
1604559580.8105
1604559581.01096
1604559581.21131
1604559581.41038
1604559581.61076
1604559581.80984
1604559582.01021
1604559582.20928
1604559582.40965
1604559582.61004
1604559582.81046
1604559583.01084
1604559583.2113
1604559583.41039
1604559583.61069
1604559583.80975
1604559584.01014
1604559584.21063
1604559584.40998
1604559584.61002
1604559584.81045
1604559585.01086
1604559585.20988
1604559585.41024
1604559585.61067
1604559585.8111
1604559586.21057
1604559586.61128
1604559587.01077
1604559587.41029
1604559587.81106
1604559588.21057
1604559588.60994
1604559589.01073
1604559589.41015
1604559589.81103
1604559590.21043
1604559590.61129
1604559591.01069
1604559591.41019
1604559591.81101
1604559592.21045
1604559592.60986
1604559593.01071
1604559593.41006
1604559593.81089
1604559594.21033
1604559594.60985
1604559595.0106
1604559595.41143
1604559595.81084
1604559596.21038
1604559596.6111
1604559597.01063
1604559597.41001
1604559597.81083
1604559598.21022
1604559598.60974
1604559599.01055
1604559599.41
1604559599.81075
1604559600.2103
1604559600.60967
1604559601.01043
1604559601.40989
1604559601.81074
1604559602.21149
1604559602.81001
1604559603.40984
1604559604.01102
1604559604.61089
1604559605.41116
1604559606.011
1604559606.6109
1604559607.21069
1604559607.81065
1604559608.4108
1604559608.81121
1604559609.21068
1604559609.61014
1604559610.01092
1604559610.41038
1604559610.81115
1604559611.21063
1604559611.6114
1604559612.01089
1604559612.41082
1604559612.81112
1604559613.21056
1604559613.61136
1604559614.00986
1604559614.4103
1604559614.80976
1604559615.21055
1604559615.60998
1604559616.01086
1604559616.41023
1604559616.81104
1604559617.21049
1604559617.61127
1604559618.01074
1604559618.41155
1604559618.80966
1604559619.21045
1604559619.60991
1604559620.01069
1604559620.41211
1604559620.81101
1604559621.01138
1604559621.21078
1604559621.41078
1604559621.6113
1604559621.81031
1604559622.01065
1604559622.21104
1604559622.41152
1604559622.61058
1604559622.8109
1604559623.00997
1604559623.21037
1604559623.41082
1604559623.61114
1604559623.81023
1604559624.2111
1604559624.61044
1604559624.81085
1604559625.2103
1604559625.61107
1604559626.01057
1604559626.41
1604559626.81078
1604559627.21027
1604559627.61105
1604559628.01186
1604559628.41131
1604559628.81077
1604559629.21038
1604559629.61106
1604559630.01048
1604559630.40994
1604559630.81114
1604559631.2102
1604559631.61096
1604559632.01177
1604559632.4112
1604559632.81067
1604559633.21207
1604559633.6109
1604559634.01036
1604559634.21087
1604559634.41117
1604559634.61163
1604559635.00968
1604559635.21008
1604559635.4105
1604559635.61087
1604559635.80992
1604559636.01037
1604559636.2107
1604559636.41114
1604559636.61021
1604559636.81065
1604559637.01105
1604559637.21006
1604559637.41042
1604559637.61084
1604559637.80995
1604559638.01028
1604559638.2107
1604559638.41107
1604559638.61015
1604559638.81053
1604559639.01095
1604559639.21006
1604559639.41046
1604559639.61081
1604559639.81117
1604559640.01163
1604559640.21072
1604559640.41102
1604559640.61145
1604559640.81051
1604559641.21127
1604559641.41169
1604559641.81122
1604559642.21057
1604559642.41105
1604559642.61139
1604559643.00951
1604559643.20991
1604559643.41037
1604559643.61069
1604559643.81108
1604559644.01017
1604559644.21054
1604559644.41096
1604559644.60999
1604559644.81039
1604559645.0108
1604559645.20986
1604559645.61066
1604559646.01148
1604559646.21185
1604559646.61129
1604559646.81038
1604559647.01078
1604559647.41022
1604559647.61061
1604559648.01143
1604559648.2118
1604559648.41085
1604559648.61125
1604559648.81033
1604559649.01069
1604559649.20978
1604559649.41016
1604559649.61058
1604559649.81097
1604559650.01134
1604559650.21175
1604559650.41081
1604559650.61129
1604559650.81029
1604559651.01068
1604559651.20973
1604559651.41013
1604559651.61052
1604559651.81093
1604559652.01
1604559652.21038
1604559652.41083
1604559652.61116
1604559652.81023
1604559653.01068
1604559653.21102
1604559653.41008
1604559653.61048
1604559653.81091
1604559654.00995
1604559654.21033
1604559654.41074
1604559654.61121
1604559654.81018
1604559655.01057
1604559655.41004
1604559655.81084
1604559656.21173
1604559656.6111
1604559656.81149
1604559657.21091
1604559657.61177
1604559658.01117
1604559658.41069
1604559658.81143
1604559659.21097
1604559659.61164
1604559660.00981
1604559660.41108
1604559660.81007
1604559661.21093
1604559661.61029
1604559662.01107
1604559662.41054
1604559662.81132
1604559663.21081
1604559663.61225
1604559664.01104
1604559664.4105
1604559664.8113
1604559665.21074
1604559665.61024
1604559666.01102
1604559666.41047
1604559666.81125
1604559667.21071
1604559667.61149
1604559668.00964
1604559668.41039
1604559668.81124
1604559669.21197
1604559669.61151
1604559670.0109
1604559670.41172
1604559670.81114
1604559671.21065
1604559671.61011
1604559672.01093
1604559672.41165
1604559672.81114
1604559673.21189
1604559673.6114
1604559674.01083
1604559674.41163
1604559674.81105
1604559675.21055
1604559675.61129
1604559676.0108
1604559676.41158
1604559676.81102
1604559677.21049
1604559677.61127
1604559678.01071
1604559678.41021
1604559678.81168
1604559679.21045
1604559679.61122
1604559680.01068
1604559680.41046
1604559680.81093
1604559681.21038
1604559681.61119
1604559682.01065
1604559682.4101
1604559682.81092
1604559683.21038
1604559683.61112
1604559684.01061
1604559684.4122
1604559684.81086
1604559685.21161
1604559685.61111
1604559686.01054
1604559686.41135
1604559686.81084
1604559687.21163
1604559687.61106
1604559688.01185
1604559688.41127
1604559688.81076
1604559689.21177
1604559689.611
1604559690.01239
1604559690.41131
1604559690.81069
1604559691.21149
1604559691.6116
1604559692.01176
1604559692.41119
1604559692.81068
1604559693.21015
1604559693.61095
1604559694.01038
1604559694.41122
1604559694.81062
1604559695.21145
1604559695.61088
1604559696.0118
1604559696.41114
1604559696.81059
1604559697.21003
1604559697.61086
1604559698.01162
1604559698.41107
1604559698.81186
1604559699.21132
1604559699.61078
1604559700.01159
1604559700.41155
1604559700.81051
1604559701.20995
1604559701.61072
1604559702.01019
1604559702.411
1604559702.81046
1604559703.21124
1604559703.61072
1604559704.01022
1604559704.41096
1604559704.81046
1604559705.2112
1604559705.61067
1604559706.01144
1604559706.4109
1604559706.81167
1604559707.01207
1604559707.21115
1604559707.61191
1604559708.01141
1604559708.41085
1604559708.81032
1604559709.21111
1604559709.41017
1604559709.81106
1604559710.01136
1604559710.21172
1604559710.61131
1604559711.012
1604559711.21108
1604559711.61186
1604559712.00998
1604559712.41076
1604559712.81156
1604559713.01199
1604559713.41138
1604559713.61182
1604559714.01045
1604559714.21033
1604559714.41073
1604559714.81151
1604559715.21102
1604559715.4114
1604559715.61044
1604559715.81081
1604559716.01123
1604559716.21034
1604559716.41068
1604559716.61105
1604559716.81149
1604559717.01055
1604559717.21092
1604559717.41132
1604559717.61039
1604559718.01143
1604559718.41064
1604559718.81143
1604559719.21224
1604559719.41137
1604559719.81207
1604559720.01113
1604559720.2116
1604559720.61099
1604559720.8114
1604559721.0118
1604559721.41129
1604559721.8121
1604559722.21154
1604559722.61097
1604559723.01172
1604559723.41118
1604559723.61159
1604559723.81197
1604559724.01107
1604559724.41186
1604559724.61091
1604559724.81131
1604559725.01173
1604559725.21259
1604559725.41116
1604559725.81191
1604559726.01099
1604559726.41182
1604559726.81127
1604559727.21211
1604559727.61151
1604559728.01102
1604559728.41173
1604559728.81124
1604559729.21201
1604559729.61148
1604559730.01089
1604559730.21129
1604559730.41172
1604559730.61211
1604559730.81125
1604559731.01023
1604559731.21062
1604559731.61139
1604559732.01085
1604559732.41032
1604559732.81113
1604559733.21057
1604559733.61147
1604559734.0108
1604559734.41029
1604559734.81111
1604559735.21187
1604559735.61131
1604559736.01213
1604559736.41155
1604559736.81104
1604559737.21181
1604559737.61133
1604559738.01074
1604559738.41151
1604559738.81097
1604559739.21175
1604559739.61123
1604559740.0107
1604559740.41154
1604559740.81096
1604559741.2104
1604559741.61173
1604559742.01119
1604559742.41144
1604559742.81119
1604559743.21173
1604559743.61116
1604559744.01208
1604559744.41149
1604559744.81218
1604559745.21164
1604559745.61114
1604559746.01191
1604559746.41133
1604559746.81213
1604559747.21163
1604559747.61103
1604559748.01056
1604559748.41129
1604559748.8121
1604559749.21157
1604559749.61102
1604559750.01045
1604559750.41129
1604559750.81204
1604559751.21158
1604559751.61097
1604559752.01049
1604559752.41122
1604559752.81066
1604559753.21146
1604559753.61094
1604559754.01172
1604559754.41119
1604559754.81064
1604559755.21142
1604559755.61088
1604559756.01034
1604559756.41113
1604559756.81059
1604559757.21138
1604559757.61085
1604559758.01163
1604559758.41107
1604559758.81187
1604559759.21134
1604559759.4118
1604559759.81116
1604559760.01163
1604559760.41104
1604559760.81185
1604559761.21129
1604559761.61207
1604559762.01159
1604559762.41101
1604559762.81177
1604559763.21126
1604559763.61206
1604559764.01018
1604559764.41093
1604559764.81171
1604559765.21121
1604559765.61198
1604559766.01012
1604559766.4109
1604559766.81169
1604559767.21116
1604559767.61192
1604559768.01143
1604559768.41217
1604559768.8117
1604559769.21112
1604559769.6119
1604559770.01161
1604559770.41083
1604559770.8116
1604559771.21245
1604559771.61184
1604559772.0113
1604559772.41211
1604559772.81163
1604559773.21234
1604559773.61181
1604559774.01144
1604559774.41073
1604559774.81152
1604559775.21231
1604559775.61176
1604559776.01125
1604559776.41066
1604559776.81148
1604559777.21093
1604559777.61174
1604559778.0125
1604559778.41197
1604559778.81142
1604559779.21223
1604559779.61165
1604559780.01113
1604559780.41191
1604559780.81137
1604559781.21217
1604559781.61165
1604559782.0111
1604559782.4119
1604559782.81134
1604559783.21213
1604559783.61159
1604559784.01104
1604559784.41195
1604559784.81129
1604559785.21208
1604559785.61158
1604559786.01231
1604559786.41177
1604559786.81123
1604559787.21072
1604559787.61148
1604559788.01095
1604559788.41173
1604559788.81123
1604559789.21199
1604559789.61146
1604559790.01226
1604559790.41171
1604559790.81118
1604559791.21197
1604559791.61142
1604559792.01084
1604559792.21128
1604559792.41166
1604559792.61073
1604559792.81109
1604559793.01168
1604559793.2106
1604559793.41097
1604559793.61138
1604559793.81188
1604559794.01082
1604559794.21124
1604559794.41163
1604559794.61073
1604559794.81108
1604559795.21184
1604559795.41227
1604559795.61132
1604559795.81171
1604559796.21115
1604559796.61197
1604559797.01144
1604559797.41089
1604559797.81175
1604559798.01076
1604559798.21113
1604559798.41154
1604559798.612
1604559798.8123
1604559799.01139
1604559799.21182
1604559799.41225
1604559799.81164
1604559800.21111
1604559800.61189
1604559801.01268
1604559801.41213
1604559801.81163
1604559802.21238
1604559802.61191
1604559803.0113
1604559803.21169
1604559803.61115
1604559803.81151
1604559804.21104
1604559804.61179
1604559804.81087
1604559805.01127
1604559805.2118
1604559805.41072
1604559805.61111
1604559805.81156
1604559806.01189
1604559806.2123
1604559806.41136
1604559806.61187
1604559806.81215
1604559807.01118
1604559807.21162
1604559807.41204
1604559807.61238
1604559807.81144
1604559808.01051
1604559808.21097
1604559808.41191
1604559808.61169
1604559808.81077
1604559809.01114
1604559809.21165
1604559809.41192
1604559809.61099
1604559809.81151
1604559810.01202
1604559810.21217
1604559810.41128
1604559810.61167
1604559810.81202
1604559811.01245
1604559811.21151
1604559811.41193
1604559811.61231
1604559811.81135
1604559812.01045
1604559812.21089
1604559812.41127
1604559812.61162
1604559812.81203
1604559813.0124
1604559813.21148
1604559813.41185
1604559813.61227
1604559813.81139
1604559814.01171
1604559814.21079
1604559814.41116
1604559814.61156
1604559814.81194
1604559815.01103
1604559815.21144
1604559815.41186
1604559815.61114
1604559815.81128
1604559816.01171
1604559816.21203
1604559816.41244
1604559816.61153
1604559816.81192
1604559817.01237
1604559817.21137
1604559817.41179
1604559817.61218
1604559817.8113
1604559818.0116
1604559818.41239
1604559818.81186
1604559819.21134
1604559819.6121
1604559820.01162
1604559820.41237
1604559820.81187
1604559821.21127
1604559821.61214
1604559822.01154
1604559822.41097
1604559822.81183
1604559823.21258
1604559823.61201
1604559824.0115
1604559824.4123
1604559824.81175
1604559825.2118
1604559825.61197
1604559826.01175
1604559826.4109
1604559826.81169
1604559827.21116
1604559827.61193
1604559828.01142
1604559828.41085
1604559828.81165
1604559829.21243
1604559829.61191
1604559830.01153
1604559830.4108
1604559830.81159
1604559831.21106
1604559831.61185
1604559832.01132
1604559832.41079
1604559832.81162
1604559833.21102
1604559833.61187
1604559834.01127
1604559834.41079
1604559834.81151
1604559835.21096
1604559835.61176
1604559836.01256
1604559836.41248
1604559836.81149
1604559837.21237
1604559837.61173
1604559838.01251
1604559838.41199
1604559838.81142
1604559839.2122
1604559839.61167
1604559840.01245
1604559840.41191
1604559840.81139
1604559841.21085
1604559841.61164
1604559842.01111
1604559842.41193
1604559842.81133
1604559843.21088
1604559843.61162
1604559844.01105
1604559844.41184
1604559844.81134
1604559845.21207
1604559845.61155
1604559846.011
1604559846.41182
1604559846.81124
1604559847.21207
1604559847.61149
1604559848.01096
1604559848.41176
1604559848.81123
1604559849.21201
1604559849.61149
1604559850.01093
1604559850.41174
1604559850.81116
1604559851.21198
1604559851.61141
1604559852.01219
1604559852.41166
1604559852.81115
1604559853.21189
1604559853.61139
1604559854.01216
1604559854.41161
1604559854.81107
1604559855.21187
1604559855.61132
1604559856.01211
1604559856.41158
1604559856.81235
1604559857.21184
1604559857.61271
1604559858.01206
1604559858.41158
1604559858.81233
1604559859.21178
1604559859.61123
1604559860.012
1604559860.41191
1604559860.81228
1604559861.21173
1604559861.61254
1604559862.01111
1604559862.41145
1604559862.81223
1604559863.21169
1604559863.61115
1604559864.01193
1604559864.41145
1604559864.81217
1604559865.21193
1604559865.61111
1604559866.01188
1604559866.41138
1604559866.81211
1604559867.21164
1604559867.61144
1604559868.01185
1604559868.41128
1604559868.81208
1604559869.21153
1604559869.61102
1604559870.0118
1604559870.41123
1604559870.81204
1604559871.21293
1604559871.61231
1604559872.01176
1604559872.41313
1604559872.81201
1604559873.21173
1604559873.61094
1604559874.01184
1604559874.41121
1604559874.81257
1604559875.21276
1604559875.61219
1604559876.01167
1604559876.41249
1604559876.81196
1604559877.21271
1604559877.61215
1604559878.01167
1604559878.41244
1604559878.81187
1604559879.21266
1604559879.61213
1604559880.01161
1604559880.21202
1604559880.41103
1604559880.61142
1604559880.81195
1604559881.01228
1604559881.2113
1604559881.4117
1604559881.81119
1604559882.01153
1604559882.21191
1604559882.41103
1604559882.61144
1604559882.81178
1604559883.01218
1604559883.21125
1604559883.41174
1604559883.61205
1604559883.81245
1604559884.01287
1604559884.21187
1604559884.41229
1604559884.61269
1604559884.81175
1604559885.01219
1604559885.2125
1604559885.41158
1604559885.61202
1604559885.81244
1604559886.01274
1604559886.21186
1604559886.41222
1604559886.61266
1604559886.8117
1604559887.01214
1604559887.21255
1604559887.41293
1604559887.61193
1604559887.81233
1604559888.0114
1604559888.21181
1604559888.41218
1604559888.61128
1604559888.8117
1604559889.0121
1604559889.21245
1604559889.41151
1604559889.61194
1604559889.81238
1604559890.01267
1604559890.21176
1604559890.41219
1604559890.61263
1604559890.8116
1604559891.01202
1604559891.21242
1604559891.41287
1604559891.61185
1604559891.81231
1604559892.01137
1604559892.21177
1604559892.41211
1604559892.61118
1604559892.81157
1604559893.01196
1604559893.21236
1604559893.4114
1604559893.61186
1604559893.81227
1604559894.01259
1604559894.21298
1604559894.41209
1604559894.61245
1604559894.81151
1604559895.21097
1604559895.41143
1604559895.81215
1604559896.21169
1604559896.61241
1604559897.01188
1604559897.41132
1604559897.81212
1604559898.21289
1604559898.6124
1604559899.01183
1604559899.41266
1604559899.81208
1604559900.21288
1604559900.61232
1604559901.01185
1604559901.41256
1604559901.81211
1604559902.21283
1604559902.61235
1604559903.01174
1604559903.41261
1604559903.81195
1604559904.21148
1604559904.6122
1604559905.01166
1604559905.41116
1604559905.812
1604559906.2114
1604559906.61223
1604559907.01162
1604559907.41249
1604559907.8119
1604559908.21273
1604559908.61213
1604559909.01302
1604559909.4124
1604559909.81192
1604559910.21264
1604559910.61214
1604559911.0129
1604559911.41239
1604559911.81181
1604559912.01219
1604559912.21268
1604559912.41167
1604559912.61204
1604559912.81243
1604559913.01285
1604559913.21188
1604559913.41229
1604559913.61276
1604559913.81182
1604559914.01215
1604559914.2112
1604559914.41161
1604559914.61207
1604559914.81239
1604559915.01147
1604559915.21191
1604559915.4123
1604559915.61132
1604559915.81172
1604559916.01214
1604559916.21253
1604559916.41291
1604559916.61197
1604559916.8124
1604559917.01281
1604559917.21183
1604559917.4122
1604559917.61264
1604559917.81174
1604559918.01207
1604559918.21129
1604559918.41155
1604559918.61198
1604559918.81232
1604559919.01139
1604559919.21181
1604559919.4122
1604559919.61123
1604559919.81164
1604559920.01209
1604559920.21238
1604559920.61189
1604559921.01136
1604559921.41213
1604559921.81162
1604559922.21239
1604559922.61191
1604559923.01128
1604559923.41213
1604559923.8116
1604559924.21237
1604559924.61179
1604559925.21294
1604559925.61242
1604559926.01188
1604559926.41271
1604559926.81214
1604559927.21158
1604559927.61238
1604559928.0119
1604559928.41131
1604559928.81208
1604559929.21155
1604559929.61234
1604559930.0118
1604559930.41125
1604559930.81231
1604559931.21152
1604559931.61231
1604559932.01181
1604559932.41257
1604559932.812
1604559933.21146
1604559933.61225
1604559934.01171
1604559934.41248
1604559934.81198
1604559935.21142
1604559935.61223
1604559936.01164
1604559936.21208
1604559936.6115
1604559936.81192
1604559937.01235
1604559937.21138
1604559937.41174
1604559937.61217
1604559937.81122
1604559938.01163
1604559938.21202
1604559938.4124
1604559938.61149
1604559938.81186
1604559939.01227
1604559939.21267
1604559939.41312
1604559939.61212
1604559939.8125
1604559940.0129
1604559940.21203
1604559940.41238
1604559940.61276
1604559940.81189
1604559941.01228
1604559941.21261
1604559941.41301
1604559941.61211
1604559941.81253
1604559942.01285
1604559942.21192
1604559942.41231
1604559942.61278
1604559942.81178
1604559943.01217
1604559943.21259
1604559943.41303
1604559943.61203
1604559943.81244
1604559944.01281
1604559944.21199
1604559944.41225
1604559944.61268
1604559944.81181
1604559945.01216
1604559945.21251
1604559945.41293
1604559945.61197
1604559945.81239
1604559946.01275
1604559946.21183
1604559946.41224
1604559946.6127
1604559946.81303
1604559947.01208
1604559947.21251
1604559947.41289
1604559947.61192
1604559947.8123
1604559948.01142
1604559948.21188
1604559948.41217
1604559948.61258
1604559948.81171
1604559949.01213
1604559949.21243
1604559949.41151
1604559949.61191
1604559949.81234
1604559950.01269
1604559950.21309
1604559950.4122
1604559950.61264
1604559951.01201
1604559951.41285
1604559951.81225
1604559952.21311
1604559952.61249
1604559953.01201
1604559953.41273
1604559953.81228
1604559954.21301
1604559954.6125
1604559955.01191
1604559955.41138
1604559955.81213
1604559956.21302
1604559956.61241
1604559957.01187
1604559957.41266
1604559957.81217
1604559958.21289
1604559958.61239
1604559959.01313
1604559959.4127
1604559959.81206
1604559960.21155
1604559960.61233
1604559961.01183
1604559961.41253
1604559961.81207
1604559962.21145
1604559962.61233
1604559963.01172
1604559963.41124
1604559963.81199
1604559964.21277
1604559964.6122
1604559965.21209
1604559965.81197
1604559984.41272
1604559985.61246
1604559986.81238
1604559988.01182
1604559989.61241
1604560007.41164
1604560008.21185
1604560009.01341
1604560009.81233
1604560010.61255
1604560011.21241
1604560011.81226
1604560012.41209
1604560013.01326
1604560013.61312
1604560014.21165
1604560014.81282
1604560015.41268
1604560016.01252
1604560016.61237
1604560017.21223
1604560017.81218
1604560018.41328
1604560019.01188
1604560019.41266
1604560019.81208
1604560020.21287
1604560020.6123
1604560021.01312
1604560021.41255
1604560021.81343
1604560022.21281
1604560022.61228
1604560023.01306
1604560023.41251
1604560023.8133
1604560024.21281
1604560024.61221
1604560025.01301
1604560025.41245
1604560025.81197
1604560026.2114
1604560026.61226
1604560027.01297
1604560027.41242
1604560027.81189
1604560028.21272
1604560028.41175
1604560028.81254
1604560029.21222
1604560029.41236
1604560029.61279
1604560029.81194
1604560030.01225
1604560030.21263
1604560030.41173
1604560030.61214
1604560030.81292
1604560031.01288
1604560031.21199
1604560031.41234
1604560031.61337
1604560031.81311
1604560032.0135
1604560032.21265
1604560032.41366
1604560032.61203
1604560032.81243
1604560033.01288
1604560033.21323
1604560033.41228
1604560033.61272
1604560033.81313
1604560034.01347
1604560034.21254
1604560034.41293
1604560034.61336
1604560034.8124
1604560035.01143
1604560035.21184
1604560035.4123
1604560035.61264
1604560035.81351
1604560036.01212
1604560036.21254
1604560036.41287
1604560036.61192
1604560036.81238
1604560037.01274
1604560037.21178
1604560037.41217
1604560037.61264
1604560037.81305
1604560038.01336
1604560038.21376
1604560038.41285
1604560038.61327
1604560038.8123
1604560039.01269
1604560039.21307
1604560039.4122
1604560039.61256
1604560039.81293
1604560040.01333
1604560040.21244
1604560040.41278
1604560040.61416
1604560040.81231
1604560041.01268
1604560041.21303
1604560041.41344
1604560041.61248
1604560041.81296
1604560042.01328
1604560042.21233
1604560042.41278
1604560042.61319
1604560042.8122
1604560043.0126
1604560043.21168
1604560043.41216
1604560043.61247
1604560043.81286
1604560044.01325
1604560044.21367
1604560044.41271
1604560044.61308
1604560044.81214
1604560045.01263
1604560045.21162
1604560045.41199
1604560045.81289
1604560046.21228
1604560046.61308
1604560047.01252
1604560047.41207
1604560047.81278
1604560048.21359
1604560048.61302
1604560049.01253
1604560049.41327
1604560049.8128
1604560050.21219
1604560050.61302
1604560051.01243
1604560051.41339
1604560051.81268
1604560052.21353
1604560052.61294
1604560053.01244
1604560053.41317
1604560053.81268
1604560054.01299
1604560054.21343
1604560054.41247
1604560054.61284
1604560054.81329
1604560055.01366
1604560055.21272
1604560055.41317
1604560055.61349
1604560055.81258
1604560056.01304
1604560056.2134
1604560056.41257
1604560056.6128
1604560056.8119
1604560057.01228
1604560057.2127
1604560057.41308
1604560057.61212
1604560057.81255
1604560058.01291
1604560058.21199
1604560058.41247
1604560058.61276
1604560058.81317
1604560059.01222
1604560059.21265
1604560059.4131
1604560059.61208
1604560059.81248
1604560060.0129
1604560060.21203
1604560060.41234
1604560060.61276
1604560060.81314
1604560061.0123
1604560061.21256
1604560061.41297
1604560061.61207
1604560061.81253
1604560062.01283
1604560062.2119
1604560062.4123
1604560062.61275
1604560062.8131
1604560063.01348
1604560063.2126
1604560063.41301
1604560063.61334
1604560063.81242
1604560064.01283
1604560064.21321
1604560064.41359
1604560064.61266
1604560064.8131
1604560065.0122
1604560065.21248
1604560065.41299
1604560065.61202
1604560065.81244
1604560066.01276
1604560066.21314
1604560066.41224
1604560066.61263
1604560066.81298
1604560067.0134
1604560067.21377
1604560067.41295
1604560067.61325
1604560067.81363
1604560068.01269
1604560068.41349
1604560068.81294
1604560069.21241
1604560069.61321
1604560070.01267
1604560070.41212
1604560070.81292
1604560071.2124
1604560071.61314
1604560072.01264
1604560072.41209
1604560072.81285
1604560073.21364
1604560073.61311
1604560074.01256
1604560074.41342
1604560074.81286
1604560075.21359
1604560075.61307
1604560076.01256
1604560076.41337
1604560076.81278
1604560077.21372
1604560077.61304
1604560078.01249
1604560078.41334
1604560078.81272
1604560079.21225
1604560079.41275
1604560079.61298
1604560079.81206
1604560080.01247
1604560080.21295
1604560080.41324
1604560080.61231
1604560080.81279
1604560081.01311
1604560081.21214
1604560081.41256
1604560081.61298
1604560081.81209
1604560082.01244
1604560082.21277
1604560082.41329
1604560082.61231
1604560082.81263
1604560083.01303
1604560083.21221
1604560083.41258
1604560083.61288
1604560083.81327
1604560084.01243
1604560084.21278
1604560084.41313
1604560084.61218
1604560084.81266
1604560085.01306
1604560085.21207
1604560085.41246
1604560085.6129
1604560085.81324
1604560086.01231
1604560086.2127
1604560086.4131
1604560086.61219
1604560086.81256
1604560087.01296
1604560087.21199
1604560087.41247
1604560087.61283
1604560087.81321
1604560088.0123
1604560088.2127
1604560088.41375
1604560088.61211
1604560088.81256
1604560089.01297
1604560089.21328
1604560089.41368
1604560089.61275
1604560089.81324
1604560090.01355
1604560090.21262
1604560090.41306
1604560090.61344
1604560090.81246
1604560091.01285
1604560091.21198
1604560091.41239
1604560091.61272
1604560091.81309
1604560092.01349
1604560092.21396
1604560092.41294
1604560092.61333
1604560092.81248
1604560093.01288
1604560093.21322
1604560093.41358
1604560093.61403
1604560093.81312
1604560094.01215
1604560094.21254
1604560094.41291
1604560094.61332
1604560094.81242
1604560095.01278
1604560095.21319
1604560095.41223
1604560095.61268
1604560095.81304
1604560096.01208
1604560096.21254
1604560096.41287
1604560096.61327
1604560096.81366
1604560097.01413
1604560097.21313
1604560097.41352
1604560097.61259
1604560097.81303
1604560098.01334
1604560098.21374
1604560098.41282
1604560098.61323
1604560098.81278
1604560099.01269
1604560099.21173
1604560099.41217
1604560099.6127
1604560099.81294
1604560100.012
1604560100.21245
1604560100.41276
1604560100.61316
1604560100.81226
1604560101.01398
1604560101.21311
1604560101.41343
1604560101.61247
1604560101.81289
1604560102.01326
1604560102.21369
1604560102.41274
1604560102.61318
1604560102.81373
1604560103.0139
1604560103.21297
1604560103.41345
1604560103.61375
1604560103.81283
1604560104.01326
1604560104.21369
1604560104.41271
1604560104.61314
1604560104.81346
1604560105.01263
1604560105.21292
1604560105.41202
1604560105.61242
1604560106.01352
1604560106.21223
1604560106.41266
1604560106.81259
1604560107.21288
1604560107.61236
1604560108.01315
1604560108.41328
1604560108.81345
1604560109.21315
1604560109.61367
1604560110.01308
1604560110.41394
1604560110.81203
1604560111.21279
1604560111.6125
1604560112.01306
1604560112.41264
1604560112.81333
1604560113.21278
1604560113.61223
1604560114.01299
1604560114.41246
1604560114.81331
1604560115.01234
1604560115.41319
1604560115.61218
1604560115.81258
1604560116.01295
1604560116.21345
1604560116.41243
1604560116.61283
1604560116.81322
1604560117.01231
1604560117.21319
1604560117.41306
1604560117.61214
1604560117.81388
1604560118.01425
1604560118.21329
1604560118.4137
1604560118.61279
1604560118.81318
1604560119.0136
1604560119.21403
1604560119.41307
1604560119.61343
1604560119.8125
1604560120.01287
1604560120.21197
1604560120.41234
1604560120.61273
1604560120.81314
1604560121.01358
1604560121.21258
1604560121.41299
1604560121.61206
1604560121.81241
1604560122.01417
1604560122.21324
1604560122.41367
1604560122.61272
1604560122.81306
1604560123.01215
1604560123.21261
1604560123.41298
1604560123.61334
1604560123.81239
1604560124.01281
1604560124.21323
1604560124.41223
1604560124.61265
1604560125.01348
1604560125.4129
1604560125.81384
1604560126.21315
1604560126.61266
1604560127.0134
1604560127.41284
1604560127.81232
1604560128.21317
1604560128.61257
1604560129.0134
1604560129.4128
1604560129.81226
1604560130.21302
1604560130.61255
1604560131.01332
1604560131.41277
1604560131.81355
1604560132.01392
1604560132.21306
1604560132.41342
1604560132.61382
1604560132.81286
1604560133.01196
1604560133.21231
1604560133.41273
1604560133.61312
1604560133.81356
1604560134.01256
1604560134.21298
1604560134.41335
1604560134.61246
1604560134.81281
1604560135.01322
1604560135.21361
1604560135.41404
1604560135.61307
1604560135.81344
1604560136.01253
1604560136.21297
1604560136.4133
1604560136.61239
1604560136.81279
1604560137.01321
1604560137.21354
1604560137.41266
1604560137.61303
1604560137.81351
1604560138.0138
1604560138.2142
1604560138.41336
1604560138.61374
1604560138.81272
1604560139.0118
1604560139.21218
1604560139.4126
1604560139.61298
1604560139.81339
1604560140.01379
1604560140.21421
1604560140.41319
1604560140.61363
1604560140.81271
1604560141.01308
1604560141.21345
1604560141.41452
1604560141.613
1604560141.81339
1604560142.01371
1604560142.2148
1604560142.4132
1604560142.61362
1604560142.81396
1604560143.01304
1604560143.21344
1604560143.41382
1604560143.61289
1604560143.81325
1604560144.01368
1604560144.21407
1604560144.41312
1604560144.6135
1604560144.81399
1604560145.01305
1604560145.2134
1604560145.41375
1604560145.61292
1604560145.81332
1604560146.01362
1604560146.21403
1604560146.41311
1604560146.61355
1604560146.81261
1604560147.01295
1604560147.21336
1604560147.41249
1604560147.61279
1604560147.8132
1604560148.01234
1604560148.21271
1604560148.41305
1604560148.61343
1604560148.81252
1604560149.01297
1604560149.21329
1604560149.41237
1604560149.61277
1604560149.81319
1604560150.01354
1604560150.21259
1604560150.41301
1604560150.61343
1604560150.81247
1604560151.01292
1604560151.21328
1604560151.4123
1604560151.61276
1604560151.8131
1604560152.0135
1604560152.21398
1604560152.41296
1604560152.61337
1604560152.81249
1604560153.01287
1604560153.2132
1604560153.4136
1604560153.61267
1604560153.81303
1604560154.01344
1604560154.21251
1604560154.4129
1604560154.61337
1604560154.81368
1604560155.01411
1604560155.21317
1604560155.41417
1604560155.61394
1604560155.81303
1604560156.01342
1604560156.21386
1604560156.41284
1604560156.61325
1604560156.8137
1604560157.01278
1604560157.21312
1604560157.41353
1604560157.61262
1604560157.81302
1604560158.01335
1604560158.21376
1604560158.41421
1604560158.6133
1604560158.81361
1604560159.21311
1604560159.61251
1604560160.01335
1604560160.41278
1604560160.81363
1604560161.21433
1604560161.6138
1604560162.01328
1604560162.41408
1604560162.81368
1604560163.21306
1604560163.61242
1604560164.01331
1604560164.41406
1604560164.81355
1604560165.21294
1604560165.61371
1604560166.0132
1604560166.41403
1604560166.81342
1604560167.21297
1604560167.61369
1604560168.0132
1604560168.4128
1604560168.8134
1604560169.21285
1604560169.61366
1604560170.01308
1604560170.41258
1604560170.81335
1604560171.21419
1604560171.61359
1604560172.01316
1604560172.41385
1604560172.81329
1604560173.21277
1604560173.61354
1604560174.013
1604560174.41384
1604560174.81324
1604560175.21273
1604560175.61351
1604560176.01428
1604560176.41374
1604560176.81322
1604560177.21397
1604560177.61347
1604560178.01293
1604560178.41244
1604560178.81317
1604560179.21407
1604560179.61343
1604560180.01422
1604560180.41365
1604560180.81313
1604560181.21391
1604560181.61337
1604560182.01414
1604560182.41368
1604560182.8131
1604560183.21386
1604560183.61334
1604560184.01279
1604560184.41357
1604560184.81308
1604560185.2125
1604560185.61331
1604560186.01275
1604560186.41355
1604560186.81298
1604560187.21247
1604560187.41283
1604560187.61323
1604560188.01406
1604560188.21448
1604560188.61389
1604560189.01338
1604560189.41414
1604560189.61322
1604560189.81405
1604560190.01263
1604560190.21304
1604560190.41348
1604560190.61393
1604560190.81288
1604560191.01331
1604560191.21375
1604560191.41276
1604560191.61313
1604560191.81355
1604560192.01404
1604560192.21437
1604560192.41341
1604560192.61379
1604560192.81428
1604560193.01333
1604560193.21365
1604560193.41405
1604560193.61311
1604560193.81357
1604560194.01388
1604560194.21429
1604560194.41344
1604560194.61377
1604560194.81413
1604560195.01322
1604560195.21361
1604560195.41417
1604560195.61306
1604560195.81346
1604560196.01384
1604560196.21433
1604560196.41332
1604560196.61372
1604560196.8141
1604560197.01319
1604560197.21355
1604560197.41392
1604560197.61437
1604560197.81348
1604560198.21421
1604560198.61367
1604560199.01311
1604560199.41391
1604560199.81336
1604560200.21416
1604560200.61362
1604560201.01305
1604560201.41385
1604560201.81333
1604560202.21412
1604560202.61354
1604560203.01304
1604560203.41385
1604560203.81327
1604560204.21281
1604560204.61354
1604560205.01302
1604560205.41244
1604560205.81329
1604560206.21401
1604560206.61346
1604560207.01425
1604560207.41374
1604560207.8132
1604560208.21423
1604560208.61345
1604560209.01426
1604560209.41368
1604560209.81319
1604560210.21263
1604560210.61339
1604560211.01287
1604560211.41367
1604560211.81307
1604560212.21388
1604560212.61336
1604560213.01281
1604560213.41361
1604560213.81356
1604560214.21383
1604560214.61335
1604560215.01408
1604560215.41358
1604560215.81434
1604560216.21384
1604560216.61326
1604560217.01405
1604560217.41352
1604560217.81437
1604560218.21373
1604560218.61321
1604560219.01269
1604560219.41353
1604560219.81293
1604560220.21376
1604560220.61319
1604560221.01399
1604560221.41346
1604560221.81289
1604560222.21366
1604560222.61321
1604560223.01389
1604560223.41346
1604560223.81415
1604560224.21368
1604560224.61309
1604560225.0139
1604560225.4133
1604560225.81286
1604560226.21355
1604560226.61309
1604560227.01381
1604560227.41331
1604560227.81406
1604560228.21358
1604560228.61298
1604560229.01255
1604560229.41327
1604560229.81407
1604560230.21349
1604560230.61436
1604560231.01371
1604560231.41453
1604560231.814
1604560232.21344
1604560232.61422
1604560233.0137
1604560233.41316
1604560233.81393
1604560234.21341
1604560234.61419
1604560235.01362
1604560235.41444
1604560235.81255
1604560236.21336
1604560236.61415
1604560237.0136
1604560237.21403
1604560237.41308
1604560237.61343
1604560237.81384
1604560238.01422
1604560238.21463
1604560238.41372
1604560238.61414
1604560238.81447
1604560239.01356
1604560239.21396
1604560239.61342
1604560240.01288
1604560240.41368
1604560240.81311
1604560241.2139
1604560241.61342
1604560241.81378
1604560242.01415
1604560242.2132
1604560242.41361
1604560242.61402
1604560242.81442
1604560243.01346
1604560243.21385
1604560243.41424
1604560243.6133
1604560243.81373
1604560244.01415
1604560244.21472
1604560244.41357
1604560244.61395
1604560244.81434
1604560245.01343
1604560245.21383
1604560245.41419
1604560245.61328
1604560245.81367
1604560246.01406
1604560246.21444
1604560246.41353
1604560246.61393
1604560246.81297
1604560247.01339
1604560247.21255
1604560247.41284
1604560247.61367
1604560247.81363
1604560248.01401
1604560248.21309
1604560248.41371
1604560248.61385
1604560248.81292
1604560249.0133
1604560249.21396
1604560249.41278
1604560249.61318
1604560249.81359
1604560250.01408
1604560250.21305
1604560250.41345
1604560250.61382
1604560250.81302
1604560251.01329
1604560251.2137
1604560251.41275
1604560251.61312
1604560251.81354
1604560252.01394
1604560252.213
1604560252.41339
1604560252.61376
1604560252.81285
1604560253.01325
1604560253.21403
1604560253.41401
1604560253.6134
1604560253.8135
1604560254.01413
1604560254.21295
1604560254.41336
1604560254.61375
1604560254.81415
1604560255.01452
1604560255.21362
1604560255.414
1604560255.61437
1604560255.81344
1604560256.01384
1604560256.21426
1604560256.41332
1604560256.61371
1604560256.81409
1604560257.01318
1604560257.21353
1604560257.41396
1604560257.613
1604560257.81339
1604560258.01379
1604560258.21288
1604560258.41328
1604560258.61366
1604560258.8132
1604560259.01308
1604560259.21351
1604560259.41391
1604560259.61294
1604560259.81333
1604560260.01374
1604560260.21413
1604560260.41452
1604560260.61362
1604560260.81401
1604560261.01307
1604560261.21345
1604560261.41386
1604560261.61291
1604560261.81332
1604560262.01408
1604560262.21278
1604560262.41318
1604560262.61357
1604560262.81393
1604560263.013
1604560263.21344
1604560263.4138
1604560263.61291
1604560263.81328
1604560264.01364
1604560264.21403
1604560264.41359
1604560264.6135
1604560265.01298
1604560265.41377
1604560265.81454
1604560266.21405
1604560266.61348
1604560267.01425
1604560267.41373
1604560267.8132
1604560268.21269
1604560268.61343
1604560269.01428
1604560269.41365
1604560269.81451
1604560270.21391
1604560270.61339
1604560271.01415
1604560271.41369
1604560271.81311
1604560272.21263
1604560272.61335
1604560272.81378
1604560273.01421
1604560273.21317
1604560273.41362
1604560273.61404
1604560273.81442
1604560274.01477
1604560274.21385
1604560274.41428
1604560274.61467
1604560274.81371
1604560275.01409
1604560275.21451
1604560275.4136
1604560275.61393
1604560275.81433
1604560276.01476
1604560276.21387
1604560276.41418
1604560276.61459
1604560276.8137
1604560277.01409
1604560277.21445
1604560277.41351
1604560277.61395
1604560277.81437
1604560278.01469
1604560278.21373
1604560278.41416
1604560278.61458
1604560278.81361
1604560279.01402
1604560279.21441
1604560279.41484
1604560279.61384
1604560279.81293
1604560280.0134
1604560280.21379
1604560280.41407
1604560280.61315
1604560280.81364
1604560281.01401
1604560281.21301
1604560281.4134
1604560281.61382
1604560281.81294
1604560282.01327
1604560282.21368
1604560282.41406
1604560282.61317
1604560282.81348
1604560283.01391
1604560283.21435
1604560283.41475
1604560283.61376
1604560283.81417
1604560284.01324
1604560284.21368
1604560284.414
1604560284.61305
1604560284.81348
1604560285.01383
1604560285.21427
1604560285.4147
1604560285.61376
1604560285.81412
1604560286.0145
1604560286.21358
1604560286.414
1604560286.61445
1604560286.81342
1604560287.01251
1604560287.2129
1604560287.41336
1604560287.61368
1604560287.81406
1604560288.01454
1604560288.21492
1604560288.41391
1604560288.61438
1604560288.81473
1604560289.01376
1604560289.21415
1604560289.41457
1604560289.61365
1604560289.81403
1604560290.01441
1604560290.2148
1604560290.41386
1604560290.61424
1604560290.81466
1604560291.01373
1604560291.21416
1604560291.4146
1604560291.61359
1604560291.81397
1604560292.01437
1604560292.21483
1604560292.41382
1604560292.61424
1604560292.81337
1604560293.01371
1604560293.21275
1604560293.41314
1604560293.61357
1604560293.81393
1604560294.01312
1604560294.21339
1604560294.41378
1604560294.61423
1604560294.81457
1604560295.01501
1604560295.2142
1604560295.41449
1604560295.61351
1604560295.81389
1604560296.01441
1604560296.21474
1604560296.41406
1604560296.61411
1604560296.81461
1604560297.01358
1604560297.21399
1604560297.41439
1604560297.61481
1604560297.81394
1604560298.01423
1604560298.21473
1604560298.41371
1604560298.61409
1604560298.81449
1604560299.01354
1604560299.21394
1604560299.41432
1604560299.61472
1604560299.81381
1604560300.01418
1604560300.21464
1604560300.41364
1604560300.61402
1604560300.81448
1604560301.01483
1604560301.21388
1604560301.4143
1604560301.61478
1604560302.01427
1604560302.41363
1604560302.8144
1604560303.21391
1604560303.61465
1604560304.01412
1604560304.41357
1604560304.81443
1604560305.21383
1604560305.61462
1604560306.0141
1604560306.41486
1604560306.81429
1604560307.21376
1604560307.61457
1604560308.01402
1604560308.41479
1604560308.81434
1604560309.21371
1604560309.61467
1604560310.01267
1604560310.41352
1604560310.8142
1604560311.2137
1604560311.61314
1604560312.01391
1604560312.41341
1604560312.81416
1604560313.21365
1604560313.61316
1604560314.01386
1604560314.41333
1604560314.81413
1604560315.21498
1604560315.61436
1604560316.01385
1604560316.41464
1604560316.81288
1604560317.21352
1604560317.61445
1604560318.01379
1604560318.41327
1604560318.81404
1604560319.21361
1604560319.61429
1604560320.01505
1604560320.41454
1604560320.81402
1604560321.21476
1604560321.81336
1604560322.41315
1604560323.01436
1604560323.6142
1604560324.21409
1604560324.81393
1604560325.41377
1604560326.01361
1604560326.41442
1604560326.81387
1604560327.21331
1604560327.61408
1604560328.0136
1604560328.41436
1604560328.81379
1604560329.21328
1604560329.61405
1604560330.01384
1604560330.41432
1604560330.81379
1604560331.21458
1604560331.61425
1604560332.01348
1604560332.41427
1604560332.81372
1604560333.21321
1604560333.61397
1604560334.21384
1604560335.01407
1604560335.81432
1604560336.61325
1604560337.41347
1604560338.01334
1604560338.61319
1604560339.41345
1604560340.2137
1604560341.01393
1604560341.81419
1604560342.41408
1604560343.01387
1604560343.61373
1604560344.21422
1604560344.81354
1604560345.41332
1604560346.0145
1604560346.61436
1604560347.21428
1604560347.81403
1604560348.41389
1604560349.01378
1604560349.61364
1604560350.21349
1604560350.81333
1604560351.21414
1604560351.61356
1604560352.01438
1604560352.4138
1604560352.8133
1604560353.21408
1604560353.61354
1604560354.01429
1604560354.41377
1604560354.81327
1604560355.21403
1604560355.61348
1604560356.01427
1604560356.41388
1604560356.81454
1604560357.21399
1604560357.61345
1604560358.01424
1604560358.41502
1604560358.81449
1604560359.21394
1604560359.61343
1604560360.01419
1604560360.41498
1604560360.81446
1604560361.21396
1604560361.61468
1604560362.01415
1604560362.41361
1604560362.81436
1604560363.21517
1604560363.61507
1604560364.0141
1604560364.4149
1604560364.81434
1604560365.21379
1604560365.6146
1604560366.01406
1604560366.61393
1604560367.21509
1604560368.01401
1604560369.21504
1604560370.21436
1604560370.8142
1604560371.41413
1604560372.21434
1604560373.0146
1604560373.81487
1604560374.61512
1604560375.41404
1604560376.21425
1604560376.81408
1604560377.41393
1604560377.8147
1604560378.21419
1604560378.61369
1604560379.01444
1604560379.41388
1604560379.81467
1604560380.21418
1604560380.6149
1604560381.01308
1604560381.41385
1604560381.81461
1604560382.21543
1604560382.61493
1604560382.81395
1604560383.01432
1604560383.2134
1604560383.41381
1604560383.61484
1604560383.81459
1604560384.01363
1604560384.21411
1604560384.41441
1604560384.6135
1604560384.81389
1604560385.01434
1604560385.21468
1604560385.41508
1604560385.61419
1604560385.8145
1604560386.01358
1604560386.21397
1604560386.4144
1604560386.61353
1604560386.81386
1604560387.01423
1604560387.21464
1604560387.41503
1604560387.61411
1604560387.81447
1604560388.01488
1604560388.21395
1604560388.41434
1604560388.61471
1604560388.8138
1604560389.0142
1604560389.21324
1604560389.41367
1604560389.61407
1604560389.81445
1604560390.01352
1604560390.21388
1604560390.41431
1604560390.61338
1604560390.81377
1604560391.21456
1604560391.61398
1604560392.01346
1604560392.41455
1604560392.81372
1604560393.2145
1604560393.61396
1604560394.01477
1604560394.41422
1604560394.81368
1604560395.21445
1604560395.61394
1604560396.01471
1604560396.41468
1604560396.81499
1604560397.21439
1604560397.61525
1604560398.01465
1604560398.41412
1604560398.81358
1604560399.21436
1604560399.61402
1604560400.01462
1604560400.4147
1604560400.81488
1604560401.21432
1604560401.61517
1604560402.01459
1604560402.41408
1604560402.81536
1604560403.21429
1604560403.61542
1604560404.01454
1604560404.41399
1604560404.81479
1604560405.21423
1604560405.6137
1604560406.01449
1604560406.4153
1604560406.81474
1604560407.2142
1604560407.61497
1604560408.01443
1604560408.6143
1604560409.01511
1604560409.41454
1604560409.81407
1604560410.21347
1604560410.61425
1604560411.01501
1604560411.41458
1604560411.81526
1604560412.21484
1604560412.61422
1604560413.015
1604560413.41446
1604560413.81402
1604560414.21334
1604560414.61423
1604560415.01364
1604560415.41446
1604560415.8152
1604560416.21471
1604560416.6141
1604560417.01496
1604560417.41435
1604560417.81516
1604560418.21461
1604560418.61405
1604560419.01484
1604560419.41436
1604560419.81511
1604560420.2146
1604560420.61534
1604560421.01481
1604560421.4143
1604560421.81506
1604560422.21454
1604560422.61397
1604560423.01476
1604560423.41424
1604560423.815
1604560424.21451
1604560424.61525
1604560425.0147
1604560425.41417
1604560425.81501
1604560426.21443
1604560426.6153
1604560427.01335
1604560427.41416
1604560427.81359
1604560428.21439
1604560428.61384
1604560429.01462
1604560429.4141
1604560429.81356
1604560430.21434
1604560430.61379
1604560431.01457
1604560431.41407
1604560431.81486
1604560432.21429
1604560432.6151
1604560433.01455
1604560433.6144
1604560434.21423
1604560434.81547
1604560435.41528
1604560436.01513
1604560436.61502
1604560437.21487
1604560437.81481
1604560438.41457
1604560439.01442
1604560439.61433
1604560440.21414
1604560440.81399
1604560441.41387
1604560442.01504
1604560442.61494
1604560443.21477
1604560443.81457
1604560444.41443
1604560445.21468
1604560455.01405
1604560456.21381
1604560457.41482
1604560458.6145
1604560463.81411
1604560466.41527
1604560469.21546
1604560472.4138
1604560475.21399
1604560477.81382
1604560480.01549
1604560485.81495
1604560494.21424
1604560495.21488
1604560496.01378
1604560496.81405
1604560497.4139
1604560498.01511
1604560498.61493
1604560499.21478
1604560499.81462
1604560500.21541
1604560500.61488
1604560501.01439
1604560501.61555
1604560502.21405
1604560502.8153
1604560503.41515
1604560504.01493
1604560504.6148
1604560505.21482
1604560505.61412
1604560506.01495
1604560506.41433
1604560506.81513
1604560507.21593
1604560507.61544
1604560508.01485
1604560508.41435
1604560508.81507
1604560509.21459
1604560509.61401
1604560510.01483
1604560510.41425
1604560510.8151
1604560511.21452
1604560511.6153
1604560512.01477
1604560512.41423
1604560513.01541
1604560513.61524
1604560514.21378
1604560514.61458
1604560515.01404
1604560515.41491
1604560515.81427
1604560516.21507
1604560516.61524
1604560517.01531
1604560517.41479
1604560517.81564
1604560518.21504
1604560518.61446
1604560519.01532
1604560519.41472
1604560519.81553
1604560520.215
1604560520.61442
1604560521.0139
1604560521.41469
1604560521.81417
1604560522.21494
1604560522.61442
1604560523.01517
1604560523.41598
1604560523.81541
1604560524.21491
1604560524.61609
1604560525.0138
1604560525.41504
1604560525.81403
1604560526.21485
1604560526.61432
1604560527.01509
1604560527.41455
1604560527.81533
1604560528.41521
1604560529.01504
1604560529.61491
1604560530.21475
1604560530.81462
1604560531.41447
1604560532.21609
1604560533.01495
1604560533.81517
1604560534.61544
1604560535.21529
1604560535.81525
1604560536.41509
1604560536.81449
1604560537.21532
1604560537.61474
1604560538.01552
1604560538.41496
1604560538.81443
1604560539.2152
1604560539.6147
1604560540.01439
1604560540.41494
1604560540.81435
1604560541.21517
1604560541.61465
1604560542.01548
1604560542.41488
1604560542.81567
1604560543.01475
1604560543.21512
1604560543.41552
1604560543.61463
1604560543.81505
1604560544.01536
1604560544.21576
1604560544.4149
1604560544.61524
1604560544.8143
1604560545.01468
1604560545.21513
1604560545.4142
1604560545.61453
1604560545.81494
1604560546.01531
1604560546.2144
1604560546.41476
1604560546.61517
1604560546.81556
1604560547.01605
1604560547.21507
1604560547.41543
1604560547.61587
1604560547.81497
1604560548.01392
1604560548.21435
1604560548.41475
1604560548.61517
1604560548.81418
1604560549.01457
1604560549.21501
1604560549.41543
1604560549.61451
1604560549.81485
1604560550.01527
1604560550.2143
1604560550.41468
1604560550.61509
1604560550.81548
1604560551.01463
1604560551.21496
1604560551.41533
1604560551.61442
1604560551.81485
1604560552.01517
1604560552.21558
1604560552.41465
1604560552.61514
1604560552.81544
1604560553.01581
1604560553.21497
1604560553.41529
1604560553.61568
1604560553.81476
1604560554.01515
1604560554.21561
1604560554.41458
1604560554.61502
1604560555.01579
1604560555.2149
1604560555.41523
1604560555.6157
1604560555.8147
1604560556.01509
1604560556.21418
1604560556.41458
1604560556.61495
1604560556.81536
1604560557.01575
1604560557.21621
1604560557.41517
1604560557.61561
1604560557.81465
1604560558.01504
1604560558.21545
1604560558.41586
1604560558.61492
1604560558.81398
1604560559.01435
1604560559.21476
1604560559.41516
1604560559.6142
1604560559.81459
1604560560.01539
1604560560.21541
1604560560.41445
1604560560.61486
1604560560.81533
1604560561.01565
1604560561.21608
1604560561.41512
1604560561.61553
1604560561.81591
1604560562.01497
1604560562.41575
1604560562.8152
1604560563.21467
1604560563.6155
1604560564.01492
1604560564.41436
1604560564.81515
1604560565.21467
1604560565.61541
1604560566.01622
1604560566.41566
1604560566.81518
1604560567.2146
1604560567.61539
1604560568.01513
1604560568.41426
1604560568.81505
1604560569.21588
1604560569.61599
1604560570.0148
1604560570.41586
1604560570.81503
1604560571.2158
1604560571.81565
1604560572.21514
1604560572.6146
1604560573.01538
1604560573.41483
1604560573.81563
1604560574.21509
1604560574.61589
1604560575.01534
1604560575.4148
1604560575.81555
1604560576.2151
1604560576.41547
1604560576.61584
1604560576.8149
1604560577.01396
1604560577.21435
1604560577.41474
1604560577.61514
1604560577.81424
1604560578.0146
1604560578.21497
1604560578.41538
1604560578.61446
1604560578.81487
1604560579.01525
1604560579.21563
1604560579.41471
1604560579.61512
1604560579.81417
1604560580.01455
1604560580.21495
1604560580.41533
1604560580.61441
1604560580.8148
1604560581.01519
1604560581.41466
1604560581.61573
1604560582.01584
1604560582.41528
1604560582.81476
1604560583.2149
1604560583.61501
1604560584.01579
1604560584.41527
1604560584.81473
1604560585.21416
1604560585.61495
1604560586.01576
1604560586.41522
1604560586.81468
1604560587.21414
1604560587.61496
1604560588.01438
1604560588.41514
1604560588.81463
1604560589.21542
1604560589.61488
1604560590.01567
1604560590.41513
1604560590.81459
1604560591.21405
1604560591.61483
1604560592.01562
1604560592.41515
1604560592.81589
1604560593.21531
1604560593.61479
1604560594.01557
1604560594.41501
1604560594.81452
1604560595.21528
1604560595.61472
1604560596.01552
1604560596.41497
1604560596.81465
1604560597.21522
1604560597.61468
1604560598.0142
1604560598.41494
1604560598.81442
1604560599.21517
1604560599.61467
1604560600.01553
1604560600.41491
1604560600.81436
1604560601.21515
1604560601.6146
1604560602.01541
1604560602.41486
1604560602.81432
1604560603.21509
1604560603.61456
1604560604.01532
1604560604.41614
1604560604.8156
1604560605.21504
1604560605.61454
1604560606.01529
1604560606.4154
1604560606.8156
1604560607.21632
1604560607.61578
1604560608.01524
1604560608.41602
1604560608.81551
1604560609.21497
1604560609.61574
1604560610.0152
1604560610.41602
1604560610.81548
1604560611.41529
1604560612.01555
1604560612.8154
1604560632.41548
1604560647.81532
1604560648.61561
1604560649.21541
1604560649.81525
1604560650.21471
1604560650.61547
1604560651.01639
1604560651.41574
1604560651.81521
1604560652.21598
1604560652.61546
1604560653.2153
1604560653.81514
1604560654.41498
1604560655.01624
1604560655.41567
1604560655.81516
1604560656.21588
1604560656.61534
1604560657.01481
1604560657.41564
1604560657.81505
1604560658.21593
1604560658.61533
1604560659.01477
1604560659.41556
1604560659.81501
1604560660.21583
1604560660.61529
1604560661.01604
1604560661.41559
1604560661.81629
1604560662.21584
1604560662.61523
1604560663.01599
1604560663.41548
1604560663.81633
1604560664.21571
1604560664.61516
1604560665.01461
1604560665.41544
1604560665.81488
1604560666.21573
1604560666.61513
1604560667.01593
1604560667.41535
1604560667.81495
1604560668.21564
1604560668.6151
1604560669.01585
1604560669.41533
1604560669.81611
1604560670.21559
1604560670.61634
1604560671.01581
1604560671.41528
1604560671.81616
1604560672.21551
1604560672.61503
1604560673.0158
1604560673.41542
1604560673.81603
1604560674.21549
1604560674.61626
1604560675.01576
1604560675.41518
1604560675.81599
1604560676.21544
1604560676.81529
1604560677.41517
1604560678.01501
1604560678.81526
1604560679.61553
1604560680.41578
1604560681.21601
1604560682.01626
1604560682.8165
1604560683.41635
1604560684.01619
1604560684.61609
1604560685.41499
1604560686.41562
