1645258750.05154 0 0 0 0.00314669569786521 -0.00248064480822184 7.80589700943244e-06 0.999991972291072
1645258750.25178 -0.00220764405094087 0.00145267508924007 0.000128982908790931 0.00322335482312461 -0.00258458586873991 -0.000171788427435006 0.999991450157604
1645258750.45126 -0.00341029441915452 0.0018163580680266 -0.000922739272937179 0.00325468408111117 -0.00257177854943793 -0.000196024914980709 0.999991377243253
1645258750.65236 -0.00219061691313982 0.00216637994162738 -0.00123215396888554 0.00323718487178401 -0.00256114791586668 -0.000253928842818221 0.999991448301235
1645258751.05069 -0.00360194523818791 0.00129194627515972 -0.000562805740628392 0.0032108818126839 -0.00262722186398961 -0.000159283812769346 0.999991381248823
1645258751.35104 -0.00412354897707701 0.00106550380587578 -0.00104464322794229 0.00324369209054206 -0.00262348980835043 -0.00029623578527292 0.999991253965357
1645258751.85118 -0.00403512641787529 0.00171134213451296 -0.000887442321982235 0.00328824528260882 -0.00264671306052666 -0.000281836054484254 0.999991051420649
1645258752.35296 0.00412748334929347 0.011357057839632 -0.0282019414007664 -0.00272587328539269 -0.000390011335476154 -0.00103430316364737 0.99999567385212
1645258752.85137 0.00682577444240451 0.0287455525249243 -0.0131979705765843 -0.0124058738514591 -0.00395554584215807 -0.00472352367028264 0.999904063535702
1645258753.25206 0.00537557620555162 0.0388422310352325 -0.0128016481176019 -0.0120709981988917 -0.00275879277589838 -0.00642756344758272 0.999902678510779
1645258753.45197 0.0140504250302911 0.0386453606188297 -0.00499382382258773 -0.0154195555420876 -0.00214691370741004 -0.00560397050817814 0.999863102421007
1645258753.65241 0.00621364312246442 0.0501764453947544 -0.0126735214143991 -0.0137725436902632 -0.00339257123345804 -0.00844068769653265 0.999863771866916
1645258753.85177 0.0123333046212792 0.0523038469254971 -0.0046649444848299 -0.0149839825292523 -0.00253444342863322 -0.0073965957484277 0.999857163416558
1645258754.15145 0.00768874399363995 0.0627340972423553 -0.0109096756204963 -0.0119742407099129 -0.0023638011575694 0.00238808845902792 0.999922660527813
1645258754.4521 0.00407587178051472 0.0597996972501278 -0.00923746544867754 -0.00928429044345402 -0.00383497398829272 0.00112533527979009 0.999948912968047
1645258754.7511 0.00220712926238775 0.0694005042314529 0.00281638000160456 -0.0138094036181698 -0.00440182415383301 0.0105920222781999 0.999838853705879
1645258755.05053 0.00895024370402098 0.0696402490139008 -0.0157302226871252 -0.00127989682623839 -0.00290457615702229 0.0600322989649444 0.998191388653722
1645258755.45297 0.00263236695900559 0.0837093219161034 -0.0201901718974113 -0.0121673266667718 -0.00304650163923846 0.0683955187492942 0.99757943443345
1645258755.65164 -0.00153297185897827 0.0806643664836884 -0.013195376843214 -0.0118321862048553 -0.00508169398726331 0.0631025685188568 0.997923965842166
1645258755.85258 -0.00165908434428275 0.0924773216247559 -0.0185756981372833 -0.0136213132392654 -0.0033452110467703 0.0673799083806361 0.99762879736669
1645258756.05109 -0.00217208079993725 0.0869175717234612 -0.0135200871154666 -0.0112280677359434 -0.00479727870574968 0.0628586872836245 0.997947745147468
1645258756.24996 -0.00152981467545033 0.0978977754712105 -0.0165687203407288 -0.0135699343462253 -0.00319936925596788 0.0666861445950509 0.997676590402547
1645258756.45168 0.0115619534626603 0.0960747003555298 -0.0173189807683229 -0.0104749439429925 -0.00379747014593664 0.0636023222615121 0.997913122156846
1645258756.75142 0.045890673995018 0.105360344052315 -0.0256679579615593 -0.0122152211463462 -0.00344434181379429 0.0652282029989882 0.997789660407111
1645258757.05131 0.109721966087818 0.118591338396072 -0.023748992010951 -0.0104957212189631 0.000890218563227274 0.0621826429349913 0.998009201492964
1645258757.25164 0.157094553112984 0.137550488114357 -0.0321689322590828 -0.0144419759726126 0.00189657430459629 0.0585410459261293 0.998178730627831
1645258757.65287 0.259351432323456 0.164239525794983 -0.0154331773519516 -0.016413742153517 0.00365397256578227 0.0556765494414211 0.998307246991277
1645258757.85231 0.313295394182205 0.177573427557945 0.0146666644141078 -0.0154240728355592 3.83845552910276e-05 0.055483539809753 0.998340459619848
1645258758.25229 0.413716971874237 0.209521636366844 0.0234959647059441 -0.0178923327175342 -0.00152226940870792 0.0514561610498215 0.998513800914032
1645258758.45139 0.455280393362045 0.220342472195625 0.00653237523511052 -0.0109974440024504 -0.000192826829459947 0.0451816371692896 0.99891823424439
1645258758.75392 0.527116179466248 0.239378973841667 0.00943308603018522 -0.0169207773414938 -0.0019713414086821 0.0428018759557219 0.998938336696455
1645258759.05102 0.600381433963776 0.264727920293808 0.00246663438156247 -0.01903753102629 -0.00314613615024571 0.0421898724274816 0.998923264772775
1645258759.35232 0.657000422477722 0.278999716043472 -0.0106580993160605 -0.0108610688949212 -0.000449960143845855 0.0344626492119483 0.999346866972436
1645258759.75275 0.71702241897583 0.301386952400208 -0.0134999779984355 -0.0129052118729842 -0.00115441283446839 0.0243274907237573 0.999620075845121
1645258760.15076 0.797048568725586 0.316804200410843 -0.0253854747861624 -0.00968131351584505 -0.000408793323603457 0.018649383875674 0.999779128376705
1645258760.55097 0.927860200405121 0.335945188999176 -0.0377880968153477 -0.00866227293210219 0.000855636710976963 0.0134757806565537 0.999871309844004
1645258760.951 1.09293830394745 0.352997541427612 -0.0299857072532177 -0.00674080321280977 0.00510595976315294 0.00995130604260478 0.999914727491795
1645258761.15567 1.17002296447754 0.37419193983078 -0.0226416252553463 -0.0084551187086979 0.00604741394390416 0.00821517407821041 0.999912221481004
1645258761.55175 1.29907202720642 0.382625907659531 -0.00982091948390007 -0.00772450772057388 0.00397114631466162 0.0045424213208828 0.999951963039208
1645258761.9514 1.37949478626251 0.392639994621277 -0.0042112935334444 -0.00891305187290443 0.00225467086842678 -0.000908743032233667 0.999957323165188
1645258762.15264 1.40743601322174 0.39338356256485 0.0106238555163145 -0.012290875563908 -0.000810988621184507 0.00204724246983293 0.999922039697895
1645258762.35232 1.41953647136688 0.40158423781395 -0.00095956155564636 -0.0109850986480311 -0.00151318450783952 -0.00210266535896598 0.99993630631092
1645258762.55174 1.44452035427094 0.398457467556 0.0166312791407108 -0.0130024846303682 -0.00198139821185519 0.00159704070265989 0.999912225605607
1645258762.95148 1.51131176948547 0.408397555351257 0.0137202749028802 -0.0125898443029877 -0.00262846205262522 -0.00205606424735746 0.9999151762062
1645258763.35167 1.5998215675354 0.424785077571869 -0.00510315829887986 -0.0150701709282315 -0.00309030340630853 -0.00590258167039098 0.999864240536022
1645258764.05196 1.76825666427612 0.446875333786011 -0.0131010757759213 -0.0096020790090099 0.000620178507823366 0.0229335580756971 0.999690685848034
1645258764.35294 1.82538998126984 0.445910394191742 -0.0186953395605087 -0.0060424409774469 0.00018834557653969 0.0393943394355282 0.999205454075095
1645258764.65345 1.86594474315643 0.458747416734695 -0.0105801308527589 -0.0068444748447406 -0.00199343505693164 0.0436851024852176 0.999019915317823
1645258764.95125 1.9039740562439 0.464763730764389 -0.010732808150351 -0.0100045277184077 -0.00275422984250235 0.047980867913913 0.998794353186548
1645258765.35268 1.98873817920685 0.476995795965195 0.00582838943228126 -0.00713981045509896 -0.00135290523970059 0.0461726181722483 0.998907043765934
1645258765.65139 2.08475852012634 0.482513427734375 0.0198023002594709 -0.00592539621317568 0.00150997395768223 0.044076069659029 0.999009464290392
1645258765.85193 2.15051579475403 0.494659334421158 0.0138376988470554 -0.00847428119687867 0.00155394093481542 0.0401595116971891 0.999156136670346
1645258766.15125 2.27177572250366 0.511190056800842 0.0171974748373032 -0.0136082460230526 0.00219237419844767 0.0432587324403199 0.998968813929247
1645258766.45134 2.38977813720703 0.533857822418213 0.0203082840889692 -0.0110006601259516 0.0013088806230714 0.0433864460005646 0.998996941242438
1645258766.85204 2.53660750389099 0.553755164146423 0.0115849459543824 -0.00963391001478042 -0.000893447281523325 0.0434343840358847 0.999009431293422
1645258767.0515 2.59820556640625 0.550541400909424 -6.51279260637239e-05 -0.00235566129727784 -0.00183909825366242 0.0378186422722474 0.999280150345312
1645258767.35112 2.68654203414917 0.557631015777588 -0.00162149220705032 -0.00355011685527619 -0.000645355188934924 0.0406227424392442 0.999168040413478
1645258767.55264 2.7324743270874 0.563984930515289 -0.00345197902061045 -0.00125380473955569 -0.00053473218590305 0.0414105732046719 0.999141284534887
1645258767.75094 2.77369165420532 0.563013732433319 -0.00297454721294343 0.00106981391628547 -0.00115277045218959 0.0399420477973195 0.999200760326085
1645258767.95101 2.80680918693542 0.567425191402435 -0.00280056660994887 0.00134838664581271 -0.00101901724611456 0.0425775460031679 0.999091735544666
1645258768.45226 2.87710475921631 0.570409417152405 0.00305494642816484 0.00448466439264251 -0.00198217899082856 0.0427470112562938 0.999073897056863
1645258768.65214 2.90344643592834 0.566779315471649 0.00684686284512281 0.00938597262421864 -0.00379326807716512 0.0372744370881165 0.99925378707061
1645258768.95138 2.94726729393005 0.576274037361145 0.000456686917459592 0.0107298154381681 -0.00224309491835767 0.0379667342430513 0.9992188782628
1645258769.15093 2.98358583450317 0.568497955799103 0.00761239603161812 0.0100472583858268 -0.000618483625818691 0.0430418490626575 0.999022556955648
1645258769.55115 3.05022287368774 0.565876185894012 0.0140566285699606 0.0115376463818454 2.74852375291784e-05 0.044002123777069 0.998964811724435
1645258769.95328 3.12904953956604 0.560962915420532 0.0131337642669678 0.0150244114760276 0.00147849520365299 0.0466547987071593 0.998796981808278
1645258770.25226 3.1821665763855 0.551845550537109 0.0139446007087827 0.018709531746633 -0.00292074442103498 0.0445281296174346 0.998828648140722
1645258770.8513 3.29948830604553 0.52817714214325 0.00878855679184198 0.0181895491873453 -0.00164626397758206 0.0493817513361495 0.998612974455195
1645258771.05139 3.33185076713562 0.520029067993164 0.00695068156346679 0.0199401512768171 -0.00296869984785974 0.0520117378628359 0.998442965978908
1645258771.55053 3.42532014846802 0.505200684070587 0.00307616149075329 0.0174467920919647 -0.00182881692134972 0.084266172655212 0.996288852201213
1645258771.85034 3.48029041290283 0.486784845590591 0.0077378829009831 0.0207143595979016 -0.00278508126326109 0.0954858763916909 0.995211337374387
1645258772.35223 3.59090948104858 0.461480140686035 0.00825505331158638 0.0129045556320228 -0.000851395843998846 0.119643895108487 0.99273263567404
1645258772.75203 3.68700194358826 0.441704154014587 0.00994206126779318 0.0124335290204093 -0.00217949635433525 0.164159635294677 0.986353015553589
1645258773.25263 3.81163048744202 0.430838763713837 0.00676551647484303 0.0192374094680682 -0.00131966298259136 0.218698635356752 0.975601910340311
1645258773.65145 3.91682481765747 0.434462815523148 0.0115564959123731 0.022650417573393 -5.81728510912552e-07 0.225841861768625 0.973900617135185
1645258773.95059 3.99581432342529 0.448085814714432 0.0251737777143717 0.0155120738226858 0.000869548254601806 0.231542013995941 0.972700835409457
1645258774.15104 4.0400652885437 0.452941030263901 0.0232336800545454 0.02373737575631 -0.000912733305857252 0.232896263635506 0.972211414402617
1645258774.4509 4.1104736328125 0.460640907287598 0.0246333982795477 0.0228890300614611 -0.00215529245349557 0.234305886831648 0.971891042459658
1645258774.6519 4.16249990463257 0.47467964887619 0.0349370129406452 0.0162194934706587 0.00170334611777016 0.238685255242564 0.970960027793807
1645258774.95307 4.22684288024902 0.484375596046448 0.0170065890997648 0.0210253114969877 -0.00244989710178473 0.240678342807024 0.97037408744479
1645258775.15198 4.27661180496216 0.494074642658234 0.0153882876038551 0.01485840142018 -0.0022364994857223 0.242000026833071 0.970159890425326
1645258775.54985 4.35596036911011 0.515003085136414 0.0158154387027025 0.0197110552014365 -0.00217292090541584 0.244651683557623 0.96940822487227
1645258775.95379 4.42294883728027 0.528647005558014 0.013201043009758 0.0188275661127111 -0.0024561706367322 0.246556412522538 0.968942426269018
1645258776.35218 4.50291776657104 0.556437253952026 0.0101747680455446 0.0190216658344155 -0.00269189010277777 0.250194484116699 0.968004984529593
1645258776.75121 4.62123918533325 0.606906294822693 -0.000390363828046247 0.0200665285087904 -2.4604181317972e-05 0.25408797135484 0.966972924461188
1645258777.05089 4.73594570159912 0.654740750789642 0.0150562589988112 0.0174172416519866 0.00362520354828748 0.259393674610161 0.965607797796138
1645258777.25268 4.81589412689209 0.686583399772644 0.0149014201015234 0.0156984124226152 0.00437539608111304 0.254721216116448 0.966877198933091
1645258777.45185 4.88726806640625 0.722280144691467 0.0229029338806868 0.013897847459283 0.00457439014740746 0.261847913828109 0.964998235653644
1645258777.85308 5.02048921585083 0.784009754657745 0.0288116093724966 0.00990314579997204 0.00256303434463845 0.264150474018489 0.96442723190193
1645258778.45302 5.11984729766846 0.836059749126434 0.0303408075124025 0.00642968431427169 -0.0059367992480907 0.262786212360286 0.964814396745634
1645258778.95271 5.12009525299072 0.842051148414612 0.0299483686685562 0.00337301752943089 -0.00774932523592045 0.265241813032649 0.964144880881648
1645258779.2508 5.1170506477356 0.842537462711334 0.0242872554808855 -0.000991710434460888 -0.0100600778279372 0.264743295868939 0.964265937714779
1645258779.55339 5.11118507385254 0.844974160194397 0.0231847818940878 -0.00377361017068684 -0.0103852686560839 0.265535598243125 0.964037733767142
1645258779.75139 5.1068696975708 0.846834123134613 0.0241778027266264 -0.00889913337926104 -0.0138380214622228 0.277255468576702 0.960655359497579
1645258779.95061 5.10619115829468 0.847306489944458 0.0237971562892199 -0.00671906762145059 -0.012569756186899 0.286414256496119 0.957999858578004
1645258780.25076 5.09876203536987 0.855877995491028 0.0244831703603268 -0.00893874795164889 -0.0138538790995004 0.305170392099223 0.952155029711527
1645258780.6509 5.0897650718689 0.865468204021454 0.0246431734412909 -0.0101126444029513 -0.0150087583935827 0.330558265743272 0.943612051927837
1645258780.95243 5.07705068588257 0.869913339614868 0.0184756238013506 -0.0158097579644924 -0.0169250266264781 0.351741801135527 0.935810504515061
1645258781.15222 5.07655620574951 0.875041007995605 0.0187978763133287 -0.0109045747096708 -0.0139742289030198 0.362866078355087 0.931672700231238
1645258781.3527 5.06850051879883 0.876623630523682 0.0215526558458805 -0.010812909386798 -0.0167520898482951 0.376774955675966 0.926090212264271
1645258781.55211 5.06637477874756 0.880494713783264 0.0214021317660809 -0.00964648160167872 -0.0146186939515611 0.388226891157418 0.921397373646195
1645258781.85242 5.05523872375488 0.881318688392639 0.0206537172198296 -0.0105427493886424 -0.0156257880006436 0.406827044521107 0.91331070344703
1645258782.35015 5.04265594482422 0.89226222038269 0.0252747982740402 -0.0118801506315 -0.0170810192377653 0.438550553189686 0.898465643806034
1645258782.8526 5.02365016937256 0.894654214382172 0.0260508004575968 -0.0111785781755231 -0.0183742112723131 0.487034330235507 0.873117969647942
1645258783.45253 5.01171541213989 0.891214847564697 0.0197006538510323 -0.00544823542080567 -0.015002776722623 0.554442580945813 0.832068902108206
1645258783.85111 4.99850511550903 0.89390242099762 0.0205461531877518 -0.00847905407969514 -0.0177480860686972 0.599375375008476 0.800226387290659
1645258784.15198 4.98508358001709 0.897768497467041 0.0205172840505838 -0.00984095992582945 -0.020880312763656 0.632067131864111 0.774569757261221
1645258784.45167 4.97098350524902 0.89567756652832 0.0207896009087563 -0.0100414905952647 -0.0252229799611306 0.666361705072893 0.745134248146502
1645258785.0529 4.94118785858154 0.890460669994354 0.0182765554636717 -0.0110338075156866 -0.0213533170235441 0.723754391103384 0.689638943435164
1645258785.75142 4.90616750717163 0.876230895519257 0.0174444783478975 -0.0111296364193905 -0.0215165435794394 0.791536472980961 0.610641614604203
1645258786.25251 4.88951349258423 0.867519617080688 0.0233875438570976 -0.00943316407285097 -0.0254550344781814 0.833350740390851 0.552077530900606
1645258786.65054 4.87277507781982 0.855340898036957 0.0238993111997843 -0.00861236505740126 -0.0254922548416324 0.864203507082813 0.502422402423472
1645258786.9503 4.868079662323 0.839629650115967 0.0208082348108292 -0.00940127130587393 -0.0273548125554229 0.885153704170945 0.464398805252928
1645258787.55085 4.85068559646606 0.820851624011993 0.0263932421803474 -0.00772198297401234 -0.0336279706165834 0.923285080603975 0.382562662194406
1645258787.9503 4.84573173522949 0.804297506809235 0.0212814696133137 -0.00641904248894947 -0.0340591753919149 0.94408536370264 0.327874357807379
1645258788.35084 4.84028720855713 0.784924030303955 0.0185366757214069 -0.00607593368177443 -0.030952533111983 0.961611554554305 0.272595381236549
1645258788.74975 4.8400731086731 0.770175933837891 0.0195204671472311 -0.00444399023504425 -0.0261947443610297 0.975653315943819 0.217703223234021
1645258789.15116 4.84390640258789 0.756121635437012 0.0162409264594316 -0.00434606563258752 -0.0240451452362401 0.98628996671655 0.163202464008211
1645258789.45333 4.84631156921387 0.749129235744476 0.0173591952770948 -0.00393445737438637 -0.0195397963695069 0.992553343419952 0.120168951351344
1645258789.95344 4.86065626144409 0.749752879142761 0.017299696803093 -0.000585991758754556 -0.0137469567965789 0.998479651938049 0.0533766096540739
1645258790.45041 4.86997318267822 0.744677722454071 0.010261157527566 0.0030092325684961 0.0229702716309328 -0.999438569952861 0.0242044630415449
1645258790.85132 4.87295436859131 0.736101508140564 0.0100134499371052 0.00240517974963367 0.0203634151129387 -0.995881605388627 0.0883140673046022
1645258791.3517 4.87136507034302 0.726565182209015 0.0173728484660387 0.00204186750122314 0.0272808344495131 -0.98983623546557 0.139555773109515
1645258791.85153 4.87352275848389 0.726748406887054 0.0150530524551868 0.00186006879231226 0.0132229248591645 -0.996300202721125 0.0848975880699911
1645258792.35057 4.88383817672729 0.732000470161438 0.0199002902954817 -0.00399273708507745 -0.00930586937397859 0.99987391346713 0.0122317624931813
1645258792.65163 4.87949132919312 0.731760501861572 0.0176104642450809 -0.00329371178565212 -0.00841820290883304 0.999533037372013 0.0291889109823597
1645258792.95152 4.88266706466675 0.731707274913788 0.0186313148587942 -0.00424955776587246 -0.00968237884690534 0.998637520407832 0.0511008378831204
1645258793.35097 4.8824291229248 0.730165779590607 0.0190664958208799 -0.00476962188392239 -0.00975679679228654 0.996833772668121 0.0787685552214737
1645258793.55026 4.88291597366333 0.731974124908447 0.0219660140573978 -0.00451643021983761 -0.0137442325262203 0.994706600552579 0.101732378068477
1645258793.85052 4.88414907455444 0.726943910121918 0.0170428976416588 -0.0033835320919116 -0.0115354201802826 0.991374524096224 0.130506853325149
1645258794.25029 4.88609600067139 0.726503789424896 0.0194304864853621 -0.00276424990540559 -0.0104445399682885 0.981649888853165 0.190385835139804
1645258794.55066 4.88940906524658 0.730380952358246 0.0194297637790442 -0.00203738173139402 -0.00689704336236761 0.96916738834942 0.246298301310633
1645258794.75018 4.89359998703003 0.733370661735535 0.0211754851043224 -0.00331991524788649 -0.0101022183791248 0.959812520646257 0.280440454566107
1645258794.95077 4.89490842819214 0.733560562133789 0.0184983238577843 -0.00287720609568828 -0.00600753030058896 0.949896434666949 0.31249383141398
1645258795.15192 4.89853620529175 0.73659336566925 0.0191353652626276 -0.000263046588886371 -0.00829942441120919 0.935990052032666 0.351928505320075
1645258795.55253 4.90275144577026 0.729948043823242 0.0200645439326763 -0.000259905754522181 -0.00758817277928555 0.903669537100936 0.428163192951766
1645258795.85069 4.90866899490356 0.730235874652863 0.0219872053712606 -0.00115194798173336 -0.00903874120955188 0.87802280320275 0.478532058726663
1645258796.05017 4.91305637359619 0.73115211725235 0.0251848194748163 0.0025594068284626 -0.00730011336175931 0.855164014820853 0.518299783462305
1645258796.25138 4.91486835479736 0.728114724159241 0.0218011643737555 -0.00084101463875399 -0.0100819456848315 0.834406532614303 0.551056608159418
1645258796.55159 4.9166898727417 0.733079969882965 0.022253505885601 0.0012454785898112 -0.00755208797934625 0.797862757448727 0.602790539927883
1645258796.85013 4.92057323455811 0.724666237831116 0.0185037478804588 0.00523962740021258 -0.00821601937012022 0.755396992348382 0.655194953644665
1645258797.2499 4.92744398117065 0.718621671199799 0.0181836355477571 0.0061897279464718 -0.00632583232703018 0.697058261402959 0.716959867303047
1645258797.45014 4.92830944061279 0.719283759593964 0.0161396078765392 0.000970676354111677 -0.00859575826459586 0.665522328214296 0.746327810935312
1645258797.85261 4.93159103393555 0.715337812900543 0.0185433477163315 0.00490628295009873 -0.0075893890531155 0.598447894147039 0.801110758604819
1645258798.35142 4.92725086212158 0.711216747760773 0.0169762186706066 0.00736084213141107 -0.00610144822095648 0.506897136332508 0.861953527465737
1645258798.65225 4.92697525024414 0.71162486076355 0.0179675091058016 0.00667643667045088 -0.00440730719457534 0.45252288294652 0.891716906448705
1645258799.15134 4.92232942581177 0.705647826194763 0.0191687811166048 0.0111276120639267 -0.00350824657377936 0.352860995038636 0.935603006961861
1645258799.65257 4.92290306091309 0.703945815563202 0.0149284563958645 0.00544888863420775 -0.00414524064903962 0.252052415778833 0.967689364565235
1645258799.95071 4.91628551483154 0.704793334007263 0.0235338062047958 0.0113395009565346 -0.00413218949611245 0.184152149522271 0.982823649773626
1645258800.35116 4.91066551208496 0.704380989074707 0.0215837750583887 0.0123483582028968 -0.00323375591445961 0.0996133588263614 0.994944339958628
1645258800.84997 4.91200685501099 0.703223884105682 0.0209135543555021 0.0056933049515714 -0.00262408941322547 -0.00337825752410594 0.999974643583316
1645258801.15013 4.90406322479248 0.708043813705444 0.0201132800430059 0.00999300267001869 -0.00290843621363731 -0.0734499526393646 0.997244596552773
1645258801.35215 4.90158224105835 0.708061933517456 0.0180922131985426 0.0085422067423369 -0.00212927952753288 -0.113030076282613 0.993552564652828
1645258801.55001 4.90046405792236 0.712421000003815 0.0197690110653639 0.00906709580733066 -0.0016472453332581 -0.157788520196466 0.987429925235529
1645258801.7512 4.89746332168579 0.71301794052124 0.0209916960448027 0.00901706656329074 -0.00207484443002833 -0.198325517902645 0.980092534651617
1645258802.05261 4.9014744758606 0.719574868679047 0.0206172578036785 0.00775646669415166 -0.0027367417131331 -0.2554279104134 0.966793116468597
1645258802.2505 4.89273548126221 0.719032227993011 0.0203463267534971 0.012009396912764 -0.0028628444940298 -0.305497360732354 0.952112882536919
1645258802.45066 4.89578866958618 0.72370833158493 0.0169165264815092 0.0077061619091049 -0.000648866786078782 -0.338082571456753 0.941084676805288
1645258802.75148 4.89565324783325 0.724262416362762 0.0181077141314745 0.00838907099522482 0.00199918933949558 -0.404363234985267 0.914557817156505
1645258802.95101 4.8925404548645 0.72716897726059 0.0229015294462442 0.0111563867799837 0.000677713129709788 -0.443420434595403 0.896244048193433
1645258803.24953 4.89566469192505 0.732598841190338 0.0190275404602289 0.0101413320421198 -0.000769048993861658 -0.493049020873559 0.869942081384549
1645258803.45085 4.89036846160889 0.732139885425568 0.0204132106155157 0.0100415334915332 -0.000507497344039388 -0.536877601622326 0.843600231702104
1645258803.75189 4.89013147354126 0.733103513717651 0.0191555581986904 0.009261479397897 0.00200249792382008 -0.588350341026341 0.808550611412555
1645258803.9508 4.88829278945923 0.736134588718414 0.0158672351390123 0.00896410066234529 0.0024271277574862 -0.62011033469928 0.784459639974748
1645258804.14935 4.89015102386475 0.739485144615173 0.0158834289759398 0.00617235332961974 0.00496899495753036 -0.654717352437509 0.755832256231967
1645258804.34898 4.8890905380249 0.739706754684448 0.0158294346183538 0.0086805131709501 0.00257109176834846 -0.6840974310548 0.72933445208795
1645258804.74816 4.88620281219482 0.744138658046722 0.0197247099131346 0.00891135765510989 0.005962766421387 -0.742290755631116 0.669992139674738
1645258804.9477 4.88824892044067 0.749059617519379 0.0180079750716686 0.00953647588309712 0.0059012895480059 -0.772853804495885 0.634485009504273
1645258805.45192 4.89218807220459 0.742491483688354 0.0198243893682957 0.0107917311750537 0.00325529548394946 -0.835384508718458 0.549550420055137
1645258805.8497 4.89931774139404 0.741997838020325 0.0200219210237265 0.0080368275585363 0.00388805138184609 -0.878644429329118 0.477393191476539
1645258806.04992 4.89907169342041 0.74386465549469 0.0221873316913843 0.00840166656468242 0.00686847184738693 -0.897148963379876 0.441594807034492
1645258806.34916 4.89685964584351 0.738098442554474 0.0169128738343716 0.00375477780861369 0.00736476793704318 -0.921684508457409 0.387852199563785
1645258806.75332 4.89718294143677 0.739325106143951 0.0173690523952246 0.0043247470956356 0.00736969067743017 -0.951049866342692 0.308919303300112
1645258807.24946 4.90424776077271 0.750988721847534 0.0197973735630512 0.00531405206156931 0.00764524659000199 -0.979810528837558 0.199711388344107
1645258807.8513 4.91052913665771 0.753753066062927 0.0201487559825182 0.0055063388047542 0.00677094786658867 -0.995021429699972 0.0992783407182983
1645258808.34865 4.91474056243896 0.753793954849243 0.0213330667465925 0.00376676323351459 0.0121579459099659 -0.995004312539512 0.0990172402855485
1645258808.64973 4.91474342346191 0.752813220024109 0.0218276977539062 0.00532441692486724 0.0121544358887496 -0.994854168133252 0.100444534050051
1645258809.04932 4.91903924942017 0.749957203865051 0.0221640672534704 0.00451992076952062 0.0155599219101124 -0.994968482551131 0.0988694992213903
1645258809.25091 4.91922950744629 0.74401181936264 0.0186013951897621 0.00412290952552662 0.0170976325845613 -0.995313534820291 0.0950875385136565
1645258809.54819 4.92505121231079 0.738966047763824 0.021166043356061 0.00279275815922614 0.0218876096264046 -0.995200777915019 0.0953338590640644
1645258809.84822 4.91963052749634 0.73335325717926 0.0263897348195314 0.00361140282577933 0.0282525952770662 -0.994905330797145 0.0967064185106866
1645258810.24899 4.90775394439697 0.721118271350861 0.0294380336999893 0.00236908109320709 0.0329678206651232 -0.994849168104747 0.0958261080116454
1645258810.65034 4.86701726913452 0.698693156242371 0.0279498621821404 0.00088770577413924 0.0352568217001345 -0.994921507904266 0.0942728041991125
1645258810.85137 4.82552242279053 0.685775279998779 0.0158503912389278 0.005845270134782 0.0272164052596501 -0.995897564244259 0.0860996029848335
1645258811.04982 4.76836633682251 0.659340143203735 0.0215194690972567 0.00509241646445806 0.0382854722777165 -0.995433187111208 0.0872986821472523
1645258811.24972 4.70311784744263 0.642989635467529 0.0114362081512809 0.0079913389580734 0.0231226704534548 -0.996507471715496 0.0798394603435466
1645258811.4499 4.63807487487793 0.611120343208313 0.00892934575676918 0.00600696381123423 0.0389830959357547 -0.995835623002441 0.0821927404116366
1645258811.85024 4.49722003936768 0.560621321201324 0.00924594607204199 0.0114163681908403 0.0406275855363952 -0.996106187422791 0.0774049688898934
1645258812.24825 4.36775398254395 0.527821123600006 0.0106210643425584 0.010525457124232 0.0360843613930287 -0.99664974653496 0.0726389451119965
1645258812.64921 4.2773494720459 0.50363302230835 0.010632430203259 0.00640202762872285 0.0324370926187219 -0.997123716369235 0.0681992911890574
1645258813.15018 4.18292093276978 0.479414463043213 0.0127168148756027 0.00519129417699234 0.0281735700159052 -0.99769431492905 0.0615252336491228
1645258813.64841 4.05287981033325 0.452958613634109 0.0102836880832911 0.00554127006843473 0.0283451472916147 -0.997914715282436 0.0577240675439643
1645258814.15118 3.8806254863739 0.405759185552597 0.0169365201145411 0.00658927054617203 0.0339559020981563 -0.997856005762852 0.055560507461482
1645258814.5503 3.72301530838013 0.374185472726822 0.00879344530403614 0.00701863243933555 0.0343018448396644 -0.998098212130153 0.0507354036336545
1645258814.94978 3.5616307258606 0.345725506544113 -0.00323424255475402 0.00913751054285425 0.0305087510493805 -0.998344199884111 0.0479017804287131
1645258815.2502 3.4314591884613 0.328672260046005 -0.00627140700817108 0.0138289331298267 0.0233192492053321 -0.998789626348886 0.0410396822946227
1645258815.65396 3.24861931800842 0.305145740509033 -0.0119868498295546 0.0144029647930995 0.022410214471286 -0.998887961972931 0.0388995670680833
1645258815.94844 3.09674096107483 0.290058106184006 0.00060061679687351 0.018198397984645 0.0262124574010031 -0.998818899835503 0.0366405611200066
1645258816.34789 2.90750050544739 0.264295518398285 0.0100058065727353 0.0141431497324157 0.0185457433786741 -0.999101563161281 0.0353849290922544
1645258816.64975 2.81642580032349 0.248430505394936 0.0141174700111151 0.0106874943703877 0.0197565985107192 -0.999035155257746 0.0377387445273533
1645258816.8487 2.77781438827515 0.24621793627739 0.0188331324607134 0.00807009508912314 0.0246722092823087 -0.998905609198973 0.0389068061553741
1645258817.04828 2.75780200958252 0.23788645863533 0.0138227306306362 0.00605869060710576 0.0212441409660988 -0.999082408149477 0.0366922399014019
1645258817.34873 2.72963380813599 0.234696626663208 0.00975108984857798 0.0026078186726064 0.0214522938082599 -0.999133555886902 0.0355687485432037
1645258817.75051 2.67275428771973 0.228895619511604 0.00474357977509499 0.00328446241197712 0.0205619337484519 -0.999252042400891 0.0325848882894486
1645258818.14923 2.58108448982239 0.218619540333748 -0.00149663735646755 0.0056584597555779 0.0223670330923524 -0.999256106613891 0.0309019588163525
1645258818.34907 2.5256130695343 0.209028884768486 -0.00911782495677471 0.00822730440461167 0.0220617199117845 -0.999269674150586 0.0300950211787417
1645258818.74975 2.40625333786011 0.188979864120483 -0.016707006841898 0.00942179529102863 0.0267676882651027 -0.999253034834743 0.0262315270617553
1645258819.14961 2.28453397750854 0.159659788012505 -0.0198968201875687 0.00889418570950184 0.0284689973861326 -0.999326776554076 0.0213635977876836
1645258819.44974 2.19834494590759 0.143314182758331 -0.00940157286822796 0.0106044817141038 0.0264057949033591 -0.99947370938106 0.0155750832794328
1645258819.94955 2.0517692565918 0.112556181848049 -0.00217422237619758 0.00937568529570517 0.0314026408513011 -0.999367683352849 0.0137914518002726
1645258820.15013 1.99746060371399 0.102021224796772 -0.0124495374038815 0.0091619769228584 0.0289438624905166 -0.999475818920857 0.0112427040998408
1645258820.64954 1.85332036018372 0.0735991150140762 0.00556700443848968 0.00698465594845267 0.0251213504951179 -0.999653318431539 0.00365722290751301
1645258821.04818 1.74048686027527 0.0571988001465797 -0.00183897058013827 -0.00650097244977646 -0.0251996045834671 0.999543594237113 0.0153401598948094
1645258821.35004 1.66622686386108 0.0488334707915783 0.00549280690029263 -0.00372717221581631 -0.0155925817338571 0.998509996094821 0.0521609746924545
1645258821.64862 1.59196996688843 0.0422522909939289 -0.00644496362656355 -0.00610946222618744 -0.0329159562283235 0.997710528425836 0.0587615160212907
1645258821.94826 1.51272940635681 0.0324482172727585 -0.0187373869121075 -0.00573508210812437 -0.0362828813985907 0.997525758330716 0.0599418286120686
1645258822.54965 1.34015345573425 0.0331296399235725 -0.033311516046524 -0.00851800665594789 -0.0268023612657714 0.997029893292685 0.0716970632171583
1645258822.85077 1.2452449798584 0.0371428020298481 -0.0389472357928753 -0.0102899771408698 -0.0284873843692958 0.996987810773139 0.0713995131077287
1645258823.24914 1.10620832443237 0.0456071682274342 -0.0397841781377792 -0.0108035101235534 -0.0278105612862826 0.996820445677966 0.0738840708700645
1645258823.44775 1.02311789989471 0.0547554604709148 -0.0263441801071167 -0.0128480018681264 -0.0252684365048604 0.996692358760066 0.076162831840033
1645258823.84858 0.859679400920868 0.0717273727059364 -0.0123771419748664 -0.0133186196936905 -0.0247960506654701 0.996595457506954 0.077493640496204
1645258824.44903 0.607651352882385 0.0937338098883629 0.00196472089737654 -0.00991467284085575 -0.0194030713157504 0.996462712491632 0.0811620767341125
1645258824.64847 0.520964086055756 0.106890261173248 0.00670848274603486 -0.00805087966968338 -0.0206596283959544 0.996568910484581 0.0797418945514909
1645258825.04812 0.363020300865173 0.127801164984703 -0.00534975901246071 -0.00847085115587658 -0.02035370064442 0.996560288480781 0.0798846854777201
1645258825.54893 0.16521055996418 0.173440143465996 -0.0219065509736538 -0.00996898245644594 -0.0143763489621564 0.996373455983469 0.0832698996688458
1645258826.14861 -0.0645812004804611 0.235512837767601 -0.041704423725605 -0.00981558280608581 0.000418420567107799 0.996590203216365 0.0819234161370886
1645258826.3505 -0.143202781677246 0.261247277259827 -0.0502516515552998 -0.00822049602635905 -0.00268576386523712 0.996699416576019 0.0807185425696281
1645258826.74923 -0.265570342540741 0.322544455528259 -0.0335704125463963 -0.00624291796616966 0.00970682782962789 0.996740538883555 0.0798442334478444
1645258827.05033 -0.312180817127228 0.359290182590485 -0.00494485069066286 -0.00838765573246974 -0.00667862359701581 0.997023770200649 0.076345562235445
1645258827.34889 -0.322587668895721 0.387296110391617 -0.00639826012775302 -0.00385288648509829 0.0054912628321387 0.997187946188958 0.0746404801276722
1645258827.74867 -0.317947208881378 0.404430598020554 -0.0156888086348772 -0.000345011528936706 0.00453255445722408 0.997256529632256 0.0738833609344198
1645258828.15029 -0.319534450769424 0.409471243619919 -0.00665516220033169 -0.00182197854152714 -0.0089273243517829 0.990995365274045 0.133585812418361
1645258828.54842 -0.314299374818802 0.40970179438591 -0.0108021851629019 -0.000518388739066749 -0.00904766727547398 0.972836499766687 0.231315835410565
1645258829.14864 -0.303790241479874 0.404832392930984 -0.017734844237566 0.00164339710669463 -0.00652423126436452 0.923829112328941 0.382746005682462
1645258829.54914 -0.297695696353912 0.408330112695694 -0.0170958824455738 0.00274749783576705 -0.00787288418321325 0.878797177344257 0.477122615311879
1645258829.74804 -0.297902524471283 0.409695357084274 -0.0257219541817904 0.00117214707469141 -0.00661892440729983 0.858411297317666 0.512917986181346
1645258829.94763 -0.2944455742836 0.402808278799057 -0.0237099137157202 0.00385371895506831 -0.00602834017502402 0.825678246096558 0.564095950958576
1645258830.3469 -0.290179789066315 0.403407514095306 -0.0234382636845112 0.00425098969432328 -0.00508839843672689 0.763404159671278 0.645887084779188
1645258830.54859 -0.29223370552063 0.400672346353531 -0.0239615626633167 0.00139851576256011 -0.00796086681545912 0.736121689115903 0.676800951215613
1645258830.84738 -0.292098343372345 0.404370337724686 -0.0205134004354477 0.00435512697149297 -0.00375968334335567 0.677238523828358 0.735741041055212
1645258831.14758 -0.291742652654648 0.396549731492996 -0.0165947787463665 0.00891628992652726 -0.00177367124484048 0.615788462165116 0.787859076059027
1645258831.34809 -0.293098866939545 0.392510980367661 -0.0174303408712149 0.00238160505767725 -0.00464300817779477 0.580492132999963 0.814249135067126
1645258831.64743 -0.288694620132446 0.391826778650284 -0.0219762679189444 0.00542669568409056 -0.00478618829758689 0.512672609439004 0.858553690171171
1645258831.94748 -0.289597541093826 0.380842536687851 -0.0136867994442582 0.00932625989897759 -0.00305902648656628 0.442329392473095 0.896798958400172
1645258832.24843 -0.288688182830811 0.3768170773983 -0.0166874974966049 0.0088814018881592 -0.00345535792800196 0.372084231162251 0.928150045047937
1645258832.54653 -0.289157658815384 0.372413605451584 -0.0134415226057172 0.00707515453025631 -0.00336588694521783 0.342569093440649 0.939459966796189
1645258832.84664 -0.294829905033112 0.38211527466774 -0.0178593695163727 0.00272694363001716 -0.00599207782107483 0.345658869549454 0.938337148728333
1645258833.24799 -0.299174606800079 0.385639131069183 -0.0128725962713361 -0.00282086986130239 -0.00818312734527242 0.344863335062041 0.938612997592705
1645258833.54705 -0.298005193471909 0.389196544885635 -0.0250311307609081 -0.00466324000833081 -0.00809437157620147 0.343446201861175 0.939125892395979
1645258833.7469 -0.295225024223328 0.390308767557144 -0.0227022282779217 -0.00670822701142077 -0.00821920731606602 0.340188174485776 0.94029753283814
1645258834.04742 -0.290285289287567 0.410549312829971 -0.0246841795742512 -0.0124747094421328 -0.0112154037121265 0.342536456378131 0.939354763864974
1645258834.3475 -0.274847388267517 0.433474510908127 -0.0257673393934965 -0.0145290288898432 -0.00865158753375775 0.341240841887387 0.939823784110964
1645258834.74873 -0.245484218001366 0.482881784439087 -0.0215767957270145 -0.0167333492988717 -0.00808134967790146 0.337123434754606 0.941277045586411
1645258835.14857 -0.20969794690609 0.550817966461182 -0.0115671781823039 -0.0204829021856374 -0.0103484450882736 0.332026435983432 0.942990883418524
1645258835.64976 -0.1622693836689 0.631866455078125 6.46280313958414e-05 -0.0253923912044619 -0.0131224250766398 0.325339648430586 0.945165139850222
1645258836.04741 -0.118253663182259 0.692728400230408 -0.00273950141854584 -0.0227517303579867 -0.0116789460770415 0.320103917664262 0.947037191920275
1645258836.4483 -0.0610430650413036 0.762989044189453 0.0043470710515976 -0.0216236621869538 -0.0107272492775159 0.315287439923146 0.948689187027696
1645258836.94704 0.0362247675657272 0.867757856845856 -0.00736263114959002 -0.0136355675399558 -0.00534649939869102 0.30771284471115 0.951366538954264
1645258837.24791 0.10260933637619 0.939076006412506 0.00752888899296522 -0.0228141665997816 -0.0107767912839185 0.304158117547862 0.952287358995026
1645258837.64841 0.199577793478966 1.03355228900909 -0.00725456885993481 -0.0216476830026194 -0.00858639602088888 0.299455326250449 0.953826063391134
1645258838.04861 0.300345659255981 1.1235523223877 -0.012803940102458 -0.0172970927451632 -0.00576571833311675 0.296243021788455 0.954938552534305
1645258838.34727 0.367975324392319 1.18720126152039 -0.0110316975042224 -0.0199135503093809 -0.00904427153124057 0.296359935689437 0.954825869038275
1645258838.74661 0.467421382665634 1.26547276973724 -0.0154869658872485 -0.0169252688725895 -0.0071297796439282 0.29408916550526 0.955601519592889
1645258839.24674 0.584987163543701 1.35497581958771 -0.0128872441127896 -0.00975184143724837 -0.00462214914363591 0.288295867081309 0.957480563954022
1645258839.64897 0.682474970817566 1.42791998386383 -0.00744101637974381 -0.0075422486795915 -0.0031524947808086 0.286351236155015 0.9580898422455
1645258840.34697 0.857840061187744 1.54196345806122 0.0158540215343237 -0.00810818822186451 -0.0038321208534476 0.287888083507627 0.957622067157931
1645258840.94692 1.01755583286285 1.62710797786713 0.0209306534379721 0.00522709805842259 -0.000621392949501637 0.285475580200108 0.958371527345268
1645258841.44902 1.15720820426941 1.69368779659271 0.0230806674808264 0.0119986269903686 0.00336468301473878 0.276658550460344 0.960887484732597
1645258841.74656 1.24095499515533 1.71953988075256 0.0143879679962993 0.0196968357374431 0.00167564142252352 0.256121542778105 0.966442436057481
1645258842.14589 1.35210728645325 1.77169227600098 0.0118293846026063 0.0162745883421744 0.000666733943396051 0.230898380200036 0.972841524227426
1645258844.04642 1.90032064914703 1.95989036560059 0.0305258650332689 0.00315970434758691 0.00189943917575701 0.0918768856227812 0.995763549386857
1645258844.2467 1.95259916782379 1.97881352901459 0.0327867232263088 -0.00248971284207637 0.000714072224797868 0.0792291926811484 0.996853061618369
1645258844.84892 2.13051295280457 2.03340220451355 0.0352766923606396 -0.00679257496722167 0.000590280808557943 0.0227717048777171 0.999717441055643
1645258845.1476 2.23746824264526 2.0569372177124 0.0293334107846022 -0.0101316576137777 0.00329533276936102 0.0191626238496376 0.999759613178655
1645258845.6472 2.48439908027649 2.09229326248169 0.0150338523089886 -0.00685269493059669 0.00335772759548509 0.01211748136959 0.999897461184316
1645258846.4492 2.92410731315613 2.11595678329468 0.0202891808003187 -0.000330716700635449 0.00678484151634037 0.0111209516033262 0.999915086888631
1645258846.849 3.12662386894226 2.11392283439636 0.0218617394566536 0.0100884466793435 0.00675260760975354 0.0112013592012836 0.999863568236242
1645258847.24893 3.31518149375916 2.10427927970886 0.0347742959856987 0.00895704390387603 0.0109344301281257 0.0104613161517739 0.999845373278613
1645258847.8477 3.54917097091675 2.08202886581421 0.0542124211788177 0.0207290447383202 0.00164146792649417 0.0110858882877654 0.999722319130744
1645258848.04758 3.62091612815857 2.068190574646 0.0475157871842384 0.019892960156678 0.00533783839897922 0.0153865383789551 0.999669461399189
1645258848.75448 3.87326073646545 2.01914858818054 0.019613778218627 0.0261106208346515 0.00200733359294246 0.0231284124211236 0.999389454932537
1645258849.54715 4.17520141601562 1.97697937488556 0.023209722712636 0.0233848646692744 0.0033667551317595 0.0317765143929768 0.999215725555456
1645258849.9465 4.33371925354004 1.96714043617249 0.0303218271583319 0.0235280946245647 0.00211548909170891 0.0354998038325529 0.999090445053445
1645258850.14822 4.41576862335205 1.9666907787323 0.0365070253610611 0.0230605710690124 0.000287557597392192 0.0364585981698057 0.999069015630097
1645258850.44707 4.50234460830688 1.9562361240387 0.036085594445467 0.016263481709505 0.00304534905195098 0.0324632115346981 0.9993359619811
1645258850.74867 4.55790662765503 1.95268964767456 0.0299291722476482 0.0137517029127516 0.00176915414942519 0.0201611402569814 0.999700599771818
1645258851.14792 4.59401988983154 1.9463700056076 0.0356006026268005 0.012210202823345 -0.00114783153659216 -0.0271339854593596 0.999556571817157
1645258851.44739 4.60508632659912 1.94351100921631 0.0374211817979813 0.0137620979020535 -0.00422714742996056 -0.0740465553826587 0.997150862970044
1645258851.64675 4.60542297363281 1.93961787223816 0.0414372645318508 0.00969731446350894 -0.0037459175941221 -0.10050931641461 0.994881805797775
1645258851.84708 4.61102342605591 1.9387834072113 0.0360976420342922 0.0112734079444464 -0.0045777739940962 -0.129981934806657 0.991441703219355
1645258852.04665 4.61400175094604 1.93683111667633 0.0389958508312702 0.00810179628172112 -0.00306882278515722 -0.15588468104897 0.987737267413751
1645258852.34829 4.61770725250244 1.92810726165771 0.0367638133466244 0.00921232756438962 -0.00221155189445253 -0.193790223473701 0.980997243291273
1645258852.54754 4.61618566513062 1.92678046226501 0.0355495922267437 0.00734173175402383 -0.00419212808970704 -0.226194456921537 0.974045477734434
1645258852.7465 4.63802719116211 1.91672241687775 0.0341379567980766 0.0100619532950366 -0.00288476529777472 -0.226611393086401 0.973929007550605
1645258852.94587 4.67881679534912 1.89183139801025 0.0255368277430534 0.010438666898876 -0.00264212223317204 -0.234746925778045 0.971996879759002
1645258853.24832 4.78410530090332 1.83209347724915 0.0146074304357171 0.00709294208310287 0.00248703193898642 -0.230834332793743 0.972964036153653
1645258853.44609 4.86686086654663 1.78268682956696 0.0134386094287038 0.0141670770181978 0.00498707471519727 -0.233116278130366 0.972332877097752
1645258853.64688 4.95906925201416 1.72536015510559 0.0150488242506981 0.0100427489513403 0.00430296182389784 -0.230426112575818 0.973028485891466
1645258854.04757 5.09616661071777 1.64422118663788 0.034292284399271 0.0193611841839833 0.00230198704759838 -0.24922780099357 0.968248598560584
1645258854.44911 5.16538190841675 1.59451448917389 0.041026808321476 0.0214851244905175 0.00128819919974386 -0.271846686475422 0.962099843582142
1645258854.75089 5.18349742889404 1.57025551795959 0.0377663858234882 0.00321703277172455 0.00513203083343847 -0.333573664458233 0.942704579038193
1645258855.04842 5.20798015594482 1.55364060401917 0.0291949957609177 0.0121529197922786 -0.00153921154064482 -0.419827101005908 0.907521428192927
1645258855.44571 5.22333955764771 1.54101073741913 0.0314670763909817 0.00782951275254591 0.000899695677692071 -0.475844485488737 0.879494124430462
1645258855.74856 5.23415040969849 1.52506589889526 0.0342603772878647 0.00790590168364004 0.00267996340067963 -0.478924623077352 0.877816336100529
1645258856.04852 5.25246524810791 1.49560129642487 0.0361921340227127 0.0117281866424764 0.000973842675706619 -0.48070423425179 0.876803820954791
1645258856.25016 5.26783561706543 1.46159148216248 0.0346527174115181 0.0136108102512841 0.0021162511035332 -0.474768687896794 0.880002818358173
1645258856.45097 5.28190994262695 1.4299236536026 0.0252746846526861 0.0170376451614771 -0.00277911708250023 -0.479106688298789 0.877586905316482
1645258856.65106 5.30049896240234 1.38352310657501 0.0221989862620831 0.0185668772836434 1.68966220685093e-05 -0.471630410871077 0.881600831626206
1645258856.84647 5.31142091751099 1.34316110610962 0.018723277375102 0.0236866839415677 -0.00527523208255025 -0.476074912802181 0.879069843829671
1645258857.04785 5.32116031646729 1.30609488487244 0.0171107891947031 0.0139290417861279 0.00096429988390317 -0.468756092147362 0.883217288098115
1645258857.24818 5.31800842285156 1.28143560886383 0.0181017071008682 0.0228384853440952 -0.00746226250627313 -0.472523088729016 0.880990720066599
1645258857.44927 5.31621265411377 1.26610541343689 0.0232851821929216 0.0118951378589256 0.00192817063010402 -0.465947060024267 0.88473053813468
1645258857.64722 5.30977296829224 1.25781381130219 0.0236462317407131 0.0186071942061032 -0.00808169702002772 -0.469632376800155 0.882628964604091
1645258857.84887 5.30902862548828 1.25478780269623 0.0268086325377226 0.0196420025589941 -0.00431398265516739 -0.46404654722183 0.885582510724225
1645258858.04729 5.30586385726929 1.25523936748505 0.0245029460638762 0.0177763163958787 -0.00609162444314049 -0.463004422697615 0.886156757718117
1645258858.24874 5.3053503036499 1.25814533233643 0.0279096364974976 0.001534068624474 0.000618607908919913 -0.424950078358841 0.905215275423766
1645258858.44768 5.30323028564453 1.25844943523407 0.0292583964765072 0.0112803082246954 -0.00259063472107868 -0.389692108590628 0.9208724687818
1645258858.64753 5.30165004730225 1.26114869117737 0.025635277852416 -0.00954162159131127 0.00283677335835765 -0.34455311847623 0.938714045235623
1645258858.84781 5.30650997161865 1.26483964920044 0.0270755644887686 0.00442685232026502 -0.00172930056033606 -0.300969551811682 0.953621906931873
1645258859.05272 5.30226278305054 1.27152156829834 0.0253958608955145 -0.00788646754550774 0.000527097334406754 -0.250697453396328 0.968033218778493
1645258859.24891 5.30400085449219 1.27832269668579 0.0202074572443962 0.00693874932858956 -0.00160043433674841 -0.200252876278037 0.979718366628932
1645258859.44951 5.29909992218018 1.28290128707886 0.0249301306903362 -0.0128711581789299 -0.00138217518456943 -0.135586390556733 0.990680954482668
1645258859.64609 5.30171728134155 1.28807926177979 0.0224028509110212 0.00224433210460912 -0.00316338148595845 -0.0720875745659886 0.997390764737759
1645258859.84812 5.30034685134888 1.2920538187027 0.0331107601523399 -0.0110114029772066 -0.00546531109799824 0.000259707984932815 0.999924403107974
1645258860.04646 5.29909801483154 1.29686319828033 0.0228418204933405 0.00475883070823316 -0.00455920889417539 0.0740326133453053 0.99723404439771
1645258860.24716 5.29159355163574 1.29505455493927 0.0236661341041327 -0.00995182527462568 -0.00915655765964011 0.153711534847602 0.988023219707069
1645258860.44914 5.28809404373169 1.29729962348938 0.0222776792943478 -0.00151401440051041 -0.00960902090387189 0.226782671399457 0.973896808923096
1645258860.64734 5.27905225753784 1.29804301261902 0.0231020916253328 -0.0105351328617248 -0.0143725235626114 0.30625772364707 0.951781828072244
1645258860.84661 5.27367353439331 1.30004251003265 0.0272341761738062 -0.000577419188295097 -0.0110559316296314 0.377538401636991 0.925927744617401
1645258861.04884 5.26738357543945 1.29976344108582 0.0269449297338724 -0.00882315545595294 -0.0174013538771795 0.453677084311847 0.890952550914662
1645258861.24662 5.25923585891724 1.29989147186279 0.0248922351747751 -0.00225369904744357 -0.011592187575448 0.521466935895207 0.853189765993406
1645258861.44732 5.25589609146118 1.29949069023132 0.0178347826004028 -0.0116287890831099 -0.0185152591340513 0.589913619773341 0.807170290366025
1645258861.64705 5.24776411056519 1.3002598285675 0.0207621362060308 -0.00462176571574189 -0.0132265759507023 0.651655634348155 0.758385542578835
1645258861.8471 5.24563789367676 1.29809808731079 0.0156931690871716 -0.0124215374034072 -0.0213354429483102 0.710943098373403 0.702816060685839
1645258862.14988 5.24017429351807 1.29330158233643 0.0186847280710936 -0.0122584502698916 -0.0269921069302338 0.792580662470654 0.609046016355108
1645258862.44881 5.23118877410889 1.2902854681015 0.0222790967673063 -0.00667780447059603 -0.0194521613939066 0.858337477794986 0.512673184940563
1645258862.74884 5.22979497909546 1.28631412982941 0.0161793101578951 -0.00473242790293222 -0.0117411692553934 0.91098517620181 0.412244778998131
1645258863.04802 5.22943115234375 1.28246426582336 0.0136495847254992 -0.00788324995455203 -0.024396462720488 0.955475776291463 0.293953581194561
1645258863.44881 5.23567533493042 1.27473795413971 0.0163612458854914 -0.00585085154000478 -0.0241606838002838 0.990051397956875 0.138492809554129
1645258863.84791 5.24183130264282 1.26521098613739 0.00978975091129541 0.00397445413773535 0.0225731812076875 -0.999500425010629 0.0217613328645858
1645258864.14738 5.24743175506592 1.25519466400146 0.0199570581316948 0.00215851550927752 0.0300448788393759 -0.989039201502212 0.144547929622638
1645258864.3479 5.25476741790771 1.25247859954834 0.0112249730154872 0.00670320504872474 0.0120815404608685 -0.976400904669162 0.215523494736443
1645258864.54725 5.26171636581421 1.25066936016083 0.0218185391277075 0.000190715589614247 0.0276784846812108 -0.95362520364816 0.299721263977584
1645258866.95003 5.30431318283081 1.28449201583862 0.0155770061537623 -0.010707983166668 0.00605381437483593 -0.337850186105953 0.941119515351897
1645258867.34776 5.29863977432251 1.29102516174316 0.0186593141406775 -0.00887540038588891 0.000254333480529049 -0.191199423450263 0.981511050908118
1645258867.54698 5.29245090484619 1.2958892583847 0.0163440275937319 -0.00788670666230889 0.000344474969038565 -0.117593109079377 0.993030483868478
1645258867.75044 5.29149341583252 1.29565060138702 0.0197330061346292 -0.00527362288030611 -0.00380325561249633 -0.0450949409834978 0.998961546029754
1645258867.94834 5.28545331954956 1.30342471599579 0.0263410825282335 -0.00956687928706587 -0.00446380899571004 0.0335328519154884 0.999381857486102
1645258868.14984 5.28087663650513 1.30385112762451 0.0173108950257301 -0.0126834350638516 -0.00615772940268264 0.0814603963274254 0.996576849356718
1645258868.34874 5.28369665145874 1.309455037117 0.0243114270269871 -0.0155341929745043 -0.00482443073541224 0.0924174453405386 0.995587479588528
1645258868.54889 5.27855491638184 1.31037068367004 0.0221304818987846 -0.0101105533958833 -0.00552173974560047 0.0855752330957548 0.996265108583462
1645258868.74854 5.27753019332886 1.31192922592163 0.0263473149389029 -0.0134626889428195 -0.00483234701136978 0.0907631518435308 0.995769779967347
1645258868.94653 5.27491092681885 1.31627857685089 0.0228179302066565 -0.0113739424080188 -0.00525312400238249 0.083853638696034 0.996399320252553
1645258869.14735 5.26713752746582 1.32081139087677 0.0281992126256227 -0.0142992807055848 -0.00702694896281598 0.0883137875067858 0.99596527424192
1645258869.34774 5.25470161437988 1.3254257440567 0.0232132412493229 -0.0138965862547766 -0.00720641002733535 0.0820123137483609 0.996508370731838
1645258869.54749 5.23779582977295 1.33169615268707 0.0225498005747795 -0.0221220710815904 -0.00889683030313735 0.0862454041825863 0.99598854945175
1645258869.74787 5.21099281311035 1.33705389499664 0.0196818169206381 -0.0146509814596922 -0.00686668673025318 0.0808976947453813 0.996591069767585
1645258869.94869 5.18253469467163 1.34546518325806 0.0253579132258892 -0.0227583523025159 -0.00991428221312664 0.0857065628673897 0.996011119159887
1645258870.14965 5.14502954483032 1.34822809696198 0.0162135902792215 -0.0124997673763851 -0.00622147643062875 0.0805656644847651 0.996651505167522
1645258870.34966 5.11248445510864 1.3569563627243 0.0277250707149506 -0.0210927296693661 -0.00968430579574078 0.0858139600463609 0.996040799986382
1645258870.54714 5.06846952438354 1.3563734292984 0.0250104777514935 -0.0125082670656467 -0.00670752676678497 0.0794468654100467 0.996738053811635
1645258870.74774 5.02738189697266 1.36144924163818 0.0264006238430738 -0.0190409813934381 -0.00934951101752167 0.0835948937457396 0.996274019239158
1645258870.94741 4.98554468154907 1.36324870586395 0.0319564156234264 -0.00904680293054098 -0.00587295619325612 0.0778227399127831 0.996908864889241
1645258871.14721 4.94209575653076 1.36843466758728 0.0287662353366613 -0.0188574551884207 -0.00916147670739502 0.0829658407902977 0.996331838791833
1645258871.54945 4.8535099029541 1.37671327590942 0.0356775633990765 -0.0182762284669614 -0.00894799633185163 0.0830062738787852 0.996341242412171
1645258873.54841 4.52519798278809 1.41673195362091 0.0171140916645527 -0.0185391683954626 -0.00740216698368658 0.0764257942335381 0.996875421070719
1645258873.94986 4.47572469711304 1.4314945936203 0.0177960228174925 -0.0192993886233706 -0.0071736818339261 0.0744463343914876 0.9970124448488
1645258874.14811 4.45591259002686 1.43976473808289 0.0150774456560612 -0.0125159267337158 -0.00496020204801769 0.0736050284364998 0.997196594339602
1645258874.64759 4.39670038223267 1.4496408700943 0.0230392888188362 -0.00458289576702088 -0.00674812167738907 0.00177675467339824 0.999965150924294
1645258875.3469 4.3344554901123 1.46702969074249 0.0153921693563461 -0.00699893454264084 -0.00217119923707733 -0.00924418919286524 0.999930420466998
1645258876.04595 4.31142997741699 1.47589027881622 0.0123869469389319 0.00699654962760137 -0.00322212436191149 0.102212810110623 0.994732731771301
1645258876.54932 4.30195569992065 1.4952278137207 0.0206843893975019 -0.0153099017082509 -0.00679994986914414 0.178262220299002 0.983840407995896
1645258877.04721 4.26471042633057 1.49714028835297 0.0166725069284439 -0.0199374160418208 -0.0115726406412137 0.1753107243208 0.984243223684207
1645258877.24813 4.24180841445923 1.49453687667847 0.0157647170126438 -0.0135380870853562 -0.00990531409731886 0.170680086859747 0.985183695003247
1645258877.8499 4.13469505310059 1.48007619380951 0.0130653297528625 -0.0151094291292424 -0.00930506446950226 0.170628611113546 0.985175617844894
1645258878.54834 3.98807716369629 1.45759510993958 0.0135688427835703 -0.0166581170054977 -0.0108042369108526 0.171022475213638 0.98506704775584
1645258879.24846 3.82771730422974 1.43824589252472 0.0145549643784761 -0.0105050416570149 -0.00670658888403624 0.166617078227259 0.985942906566266
1645258879.74726 3.71608996391296 1.42680549621582 0.0232675317674875 -0.016155433065545 -0.0105924571305723 0.16859622072887 0.985495873248764
1645258880.04759 3.6524555683136 1.41746973991394 0.0257921908050776 -0.0104197372458842 -0.00706589716759857 0.166339954136624 0.985988094162789
1645258881.3483 3.35602569580078 1.37412714958191 0.00567990029230714 -0.0184272675777652 -0.0125211810118777 0.16513529077058 0.986019265317773
1645258881.8494 3.25025224685669 1.36919760704041 0.00256243557669222 -0.0111759329750561 -0.0104266790128838 0.160921167367296 0.986848904736711
1645258882.05009 3.21078109741211 1.36913084983826 0.00753554981201887 -0.0140725527669965 -0.0109464115534918 0.165099907375206 0.986115692967828
1645258882.64789 3.08776545524597 1.35171687602997 0.0083524826914072 -0.00737934693611956 -0.0088655692827585 0.158979928982681 0.987214429139258
1645258882.84854 3.04228687286377 1.34331548213959 0.00957420095801353 -0.014609441838804 -0.0108601507704986 0.164130971732021 0.986270574159395
1645258883.24768 2.94993543624878 1.32870411872864 0.0131564186885953 -0.0134929352019444 -0.0107128591177534 0.163692915921242 0.986360889647577
1645258883.44844 2.90375876426697 1.32029616832733 0.00767783774062991 -0.00774035186455323 -0.00647777835928058 0.157547971005496 0.987459752178585
1645258883.94789 2.79658508300781 1.30300498008728 0.00947621464729309 -0.00582526211403373 -0.00524660582681493 0.160180762749581 0.987056565093188
1645258884.24937 2.72419023513794 1.28633630275726 0.0267895385622978 -0.00581246656521946 -0.00671099597053284 0.156695881616461 0.987606995950288
1645258884.7482 2.61576008796692 1.27271723747253 0.0220751836895943 -0.00539477160038815 -0.00559497902877185 0.160923330323465 0.986936307168123
1645258885.04772 2.54566717147827 1.25627982616425 0.0109699042513967 -0.00710206055151447 -0.00851175968974762 0.155545777184358 0.987766481453496
1645258886.95068 2.07783842086792 1.17597472667694 -0.00929524470120668 -0.00541659518039981 -0.00872015992024561 0.153227792730201 0.988137572832168
1645258887.44892 1.94856071472168 1.15207397937775 -0.00913633964955807 -0.00763008527634373 -0.00580863167992893 0.153795746468238 0.98805612693053
1645258887.84708 1.84342062473297 1.13501882553101 -0.00222578807733953 -0.00782811192874984 -0.00506747412857403 0.153733271680906 0.988068379489938
1645258888.44922 1.68236207962036 1.11010468006134 0.00543870124965906 -0.00902246897901875 -0.00704279821583166 0.151020522448823 0.988464362456279
1645258888.94959 1.55738866329193 1.08972561359406 0.0173917133361101 -0.00999822794299465 -0.00886588466520409 0.148432666003318 0.988832228029735
1645258889.448 1.45141565799713 1.08488476276398 0.0124739482998848 -0.0111139715992575 -0.00751999058416514 0.153287271569277 0.988090553416918
1645258889.94692 1.35753464698792 1.07879781723022 -0.00124966772273183 -0.0164842879160793 -0.0116759540990709 0.191026952632158 0.98137691215753
1645258890.64703 1.24175798892975 1.06880962848663 -0.0086786150932312 -0.0191335247164862 -0.0128491080081601 0.209435760909581 0.9775507509626
1645258892.24662 0.858943045139313 0.953855454921722 0.00705770868808031 -0.00845766526017622 -0.010736071427593 0.205339453137124 0.97859537790345
1645258892.54988 0.783718228340149 0.931583225727081 0.00715946732088923 -0.00437191285199148 -0.00703597740923667 0.202272746124216 0.979294193577844
1645258893.34679 0.590242981910706 0.872507631778717 0.0059043918736279 -0.00554467641701862 -0.00861497971243104 0.204646159908002 0.97878240070145
1645258893.6471 0.521891534328461 0.851343631744385 -0.00145830668043345 -0.00573278193343969 -0.0116957338022005 0.199566034860405 0.979797807076658
1645258893.84798 0.471397191286087 0.843176424503326 -0.0108485771343112 -0.015551689976323 -0.0143430324532314 0.204522958418334 0.978633119120101
1645258894.2482 0.379288971424103 0.82466858625412 -0.0160325895994902 -0.0164056158213616 -0.0136166918159039 0.203862771176432 0.978767292057606
1645258894.64821 0.287021338939667 0.805152475833893 -0.0234529450535774 -0.0178719932445289 -0.0119326913094287 0.203755339986275 0.97878596442872
1645258895.0481 0.191132619976997 0.785921692848206 -0.0218825470656157 -0.0168046488986861 -0.010592524832133 0.20279697961859 0.979019298712058
1645258895.54809 0.0794184356927872 0.765527307987213 -0.019613416865468 -0.0086367681085632 -0.00753507164660992 0.199174498103738 0.979897008994845
1645258895.84813 0.0185738541185856 0.744260013103485 -0.0224439799785614 -0.00995200103867019 -0.00691827207823786 0.201344126630285 0.979445576772015
1645258896.04728 -0.0211283080279827 0.733013927936554 -0.0164010096341372 -0.00643342619019207 -0.0061266586521919 0.201449080940423 0.979458698909491
1645258896.44706 -0.107149802148342 0.71058177947998 -0.0134905772283673 -0.0054310175466456 -0.00536126724600862 0.201912406025064 0.979373851578188
1645258896.74693 -0.172858968377113 0.688759982585907 -0.000738254282623529 -0.00943104184161791 -0.00868554451012939 0.198645626816256 0.979987516100649
