1645258750.05154 -3.99040436261127e-05 5.49747908233163e-05 1.12831347619922e-05 0.00314669569785472 -0.00248064480823499 7.8059016392023e-06 0.999991972291072
1645258750.25178 -0.00224754809458048 0.00150764988004301 0.000140266043552748 0.00322335482311461 -0.00258458586875271 -0.000171788422805234 0.999991450157605
1645258750.45126 -0.00345019846279748 0.00187133285881841 -0.000911456138175433 0.00325468408110111 -0.00257177854945059 -0.000196024910350936 0.999991377243254
1645258750.65236 -0.00223052095678604 0.00222135473243053 -0.00122087083412373 0.0032371848717739 -0.00256114791587942 -0.000253928838188447 0.999991448301236
1645258751.05069 -0.00364184928182611 0.00134692106594988 -0.000551522605866611 0.0032108818126741 -0.00262722186400246 -0.000159283808139572 0.999991381248824
1645258751.35104 -0.00416345302071313 0.00112047859666114 -0.00103336009318051 0.00324369209053225 -0.00262348980836313 -0.000296235780643146 0.999991253965358
1645258751.85118 -0.00407503046151744 0.00176631692529921 -0.000876159187220474 0.00328824528259911 -0.00264671306053916 -0.000281836049854478 0.99999105142065
1645258752.35296 0.00408757930556348 0.0114120326304927 -0.0281906582660046 -0.00272587328541282 -0.000390011335516516 -0.00103430315901779 0.999995673852125
1645258752.85137 0.00678587039851264 0.0288005273158107 -0.0131866874418231 -0.0124058738514626 -0.00395554584224333 -0.00472352366565367 0.999904063535723
1645258753.25206 0.00533567216156621 0.0388972058261056 -0.0127903649828412 -0.0120709981989008 -0.00275879277598212 -0.00642756344295378 0.999902678510808
1645258753.45197 0.014010520986307 0.0387003354097835 -0.00498254068782654 -0.0154195555420994 -0.00214691370750926 -0.00560397050354948 0.999863102421032
1645258753.65241 0.00617373907837397 0.0502314201856353 -0.0126622382796389 -0.0137725436902692 -0.0033925712335497 -0.00844068769190392 0.999863771866954
1645258753.85177 0.0122934005771686 0.052358821716435 -0.00465366135006939 -0.0149839825292623 -0.00253444342873046 -0.00739659574379905 0.999857163416591
1645258754.15145 0.00764883994943304 0.0627890720332501 -0.0108983924857365 -0.011974240709924 -0.0023638011576525 0.00238808846365696 0.999922660527802
1645258754.4521 0.00403596773633485 0.0598546720409892 -0.00922618231391779 -0.00928429044345826 -0.00383497398836339 0.00112533528441935 0.999948912968041
1645258754.7511 0.00216722521811828 0.0694554790222976 0.00282766313636379 -0.0138094036181717 -0.00440182415392443 0.0105920222828285 0.99983885370583
1645258755.05053 0.00891033965975028 0.0696952238048071 -0.0157189395523656 -0.00127989682624854 -0.00290457615705457 0.0600322989695657 0.998191388653444
1645258755.45297 0.00259246291460483 0.0837642967069511 -0.0201788887626527 -0.0121673266667815 -0.00304650163932094 0.0683955187539124 0.997579434433133
1645258755.65164 -0.00157287590335127 0.0807193412744979 -0.0131840937084555 -0.0118321862048555 -0.00508169398734436 0.0631025685234766 0.997923965841873
1645258755.85258 -0.00169898838876487 0.092532296415564 -0.0185644150025253 -0.0136213132392737 -0.00334521104685953 0.0673799083852546 0.997628797366377
1645258756.05109 -0.00221198484436821 0.0869725465142649 -0.0135088039807083 -0.0112280677359449 -0.00479727870582795 0.0628586872882445 0.997947745147177
1645258756.24996 -0.00156971871998283 0.09795275026202 -0.0165574372059709 -0.0135699343462343 -0.00319936925605689 0.0666861445996695 0.997676590402238
1645258756.45168 0.0115220494181447 0.0961296751464606 -0.0173076976335643 -0.0104749439429986 -0.00379747014601139 0.0636023222661319 0.997913122156551
1645258756.75142 0.0458507699504168 0.105415318843563 -0.0256566748267991 -0.012215221146354 -0.00344434181387707 0.0652282030036073 0.997789660406809
1645258757.05131 0.109682062043094 0.118646313187912 -0.0237377088761879 -0.0104957212189909 0.000890218563152387 0.0621826429396114 0.998009201492676
1645258757.25164 0.157054649068085 0.137605462906635 -0.0321576491243179 -0.0144419759726449 0.00189657430450305 0.0585410459307501 0.99817873062756
1645258757.65287 0.259311528278309 0.164294500588208 -0.0154218942171822 -0.0164137421535574 0.00365397256567983 0.0556765494460425 0.998307246991019
1645258757.85231 0.313255490136933 0.177628402351672 0.0146779475488797 -0.0154240728355828 3.83845551931677e-05 0.0554835398143746 0.998340459619591
1645258758.25229 0.413677067828668 0.209576611161501 0.0235072478407201 -0.0178923327175505 -0.0015222694088173 0.0514561610544439 0.998513800913793
1645258758.45139 0.455240489316377 0.220397446990666 0.0065436583698884 -0.0109974440024727 -0.000192826829537556 0.045181637173914 0.99891823424418
1645258758.75392 0.527076275420403 0.239433948637373 0.00944436916496626 -0.0169207773415078 -0.00197134140878719 0.0428018759603463 0.998938336696257
1645258759.05102 0.600341529917697 0.264782895090192 0.00247791751634646 -0.0190375310262985 -0.00314613615036061 0.0421898724321058 0.998923264772579
1645258759.35232 0.656960518431512 0.27905469084038 -0.010646816181274 -0.010861068894942 -0.000449960143923078 0.0344626492165746 0.999346866972276
1645258759.75275 0.716982514929413 0.301441927197671 -0.0134886948636466 -0.0129052118730015 -0.0011544128345553 0.0243274907283849 0.999620075845009
1645258760.15076 0.797038914056317 0.31681659957915 -0.0254014739419673 -0.00968131351583304 -0.000408793323552726 0.018649383873041 0.999779128376754
1645258760.55097 0.927821591885792 0.335952759615622 -0.0377735065437807 -0.00866232210552608 0.000855656253379208 0.01347575360093 0.999871309765913
1645258760.951 1.09287074279785 0.353000275296135 -0.0299405353926526 -0.0067409040058509 0.00510602478961206 0.00995125311977847 0.999914727006947
1645258761.15567 1.16992645265811 0.374189838505802 -0.0225658780858343 -0.00845527458916082 0.00604753743738198 0.00821509445779771 0.999912220070149
1645258761.55175 1.29894656600879 0.382618961262009 -0.00971461689587068 -0.0077247210254326 0.00397134909344291 0.00454231735136477 0.999951961058398
1645258761.9514 1.37934037558384 0.392628205263908 -0.00407443812619422 -0.00891332541694705 0.00225496534333616 -0.000908870181264817 0.999957319947359
1645258762.15264 1.40723369616148 0.393314248775486 0.0107772311848659 -0.0122911996787309 -0.000810623291152875 0.00204721567602613 0.999922036064969
1645258762.35232 1.41930120405609 0.401501203766789 -0.000777477875761825 -0.0109854838902353 -0.00151272791294925 -0.00210268725216032 0.999936302723468
1645258762.55174 1.4442396425145 0.398354149297798 0.0168464452488104 -0.013002936588106 -0.00198082555083296 0.00159702481758426 0.999912220888391
1645258762.95148 1.5109855945367 0.408273934868383 0.0139684585259322 -0.012590368544977 -0.00262776637047719 -0.00205607052017002 0.999915171420966
1645258763.35167 1.59944990656628 0.424641138149507 -0.00482201222255183 -0.0150707693299476 -0.00308947505526299 -0.00590257066081573 0.999864234141456
1645258764.05196 1.76785971102019 0.446715743845235 -0.012761551952583 -0.00960274906768648 0.000621175325026371 0.0229335830535926 0.99969067821996
1645258764.35294 1.82496773796185 0.445735158444221 -0.0182972423037376 -0.00604318643179149 0.000189522508416717 0.0393943861152583 0.999205447503951
1645258764.65345 1.86549723836182 0.458556557197303 -0.0101234626821481 -0.00684531008560096 -0.00199207237734243 0.0436851786953097 0.999019908980714
1645258764.95125 1.90350127120895 0.464557236069303 -0.0102175672720321 -0.0100054523574238 -0.00275266972109532 0.0479809788327809 0.998794342896864
1645258765.35268 1.9882401630637 0.476773710290035 0.00640203334749092 -0.00714083744008064 -0.00135112534432718 0.0461727578064934 0.998907032379641
1645258765.65139 2.08423527202342 0.482275757373741 0.0204342837531964 -0.00592652862460822 0.00151200282465871 0.0440762448795897 0.99900944677377
1645258765.85193 2.14996724011606 0.494406031437933 0.0145280769113722 -0.00847552620331738 0.00155623396913096 0.0401597371646842 0.999156113478907
1645258766.15125 2.27120189717968 0.510921173592344 0.0179459491477442 -0.0136095913736691 0.00219497513500014 0.0432590229093117 0.998968777311749
1645258766.45134 2.3891790371639 0.533573369663172 0.0211147763961009 -0.0110021176732353 0.00131182311439062 0.0433867915626255 0.998996906323899
1645258766.85204 2.5359834690272 0.553477364021555 0.01245220662161 -0.0096354806075004 -0.000890115875798462 0.0434348437853613 0.999009399131225
1645258767.0515 2.59755871203048 0.550298695896509 0.000857020458159646 -0.00235741154174719 -0.00183534882935302 0.0378192155804477 0.999280131413798
1645258767.35112 2.6858724142064 0.557423486544593 -0.000644742263446709 -0.0035520187200308 -0.00064115323240651 0.0406234374752892 0.999168008101359
1645258767.55264 2.73178193732019 0.563812538611369 -0.00242035533455574 -0.00125586608493329 -0.000530065862019588 0.0414113683826713 0.999141251475102
1645258767.75094 2.77297652430425 0.562876490213795 -0.00188801763024301 0.00106758368252896 -0.00114763261714845 0.0399429355727202 0.999200733137386
1645258767.95101 2.80607130494379 0.56732309157116 -0.00165911365994028 0.00134600776177886 -0.00101339091872246 0.0425785272644191 0.99909170265694
1645258768.45226 2.87634419004463 0.570342569270068 0.00425088683387774 0.00448212656397594 -0.00197604651140641 0.0427480589625388 0.999073875765243
1645258768.65214 2.90266317427502 0.566747627761671 0.00809778571626862 0.00938324179075102 -0.00378663477715229 0.0372755354682716 0.999253796903527
1645258768.95138 2.94646118138108 0.576277494860696 0.00176226107104055 0.0107269228114294 -0.00223593678566953 0.0379678842596303 0.999218881666342
1645258769.15093 2.98251057543467 0.568509553684305 0.00866200977509323 0.0100447477796396 -0.000611372211963709 0.0430432552094918 0.999022525995802
1645258769.55115 3.04912802174079 0.565949276553371 0.0151430228984503 0.0115349853877299 3.50623372585605e-05 0.0440035904963159 0.998964777610387
1645258769.95328 3.12793499860121 0.5610975054008 0.0142567121899804 0.0150216146343616 0.0014865606232828 0.0466562820807085 0.99879694261331
1645258770.25226 3.18131576926213 0.552101857858978 0.0154340352507267 0.0187059480540723 -0.00291136075016794 0.0445293965261497 0.998828686177463
1645258770.8513 3.29826589866365 0.52827774496749 0.00999643778663362 0.0181870519346937 -0.00163746552774943 0.0493827043695578 0.998612987276712
1645258771.05139 3.33058717003978 0.520225200085731 0.0082034145387361 0.019937563916825 -0.00295939000050808 0.0520126975458431 0.998442995293117
1645258771.55053 3.42438214331323 0.505797323210968 0.0047236589344643 0.0174430868589318 -0.00181741794989654 0.0842673634502007 0.996288837220401
1645258771.85034 3.47895770485181 0.487216192479198 0.00907640870125226 0.0207119490154152 -0.00277457863913537 0.0954867664467374 0.995211331484376
1645258772.35223 3.58954881001364 0.462051138845299 0.00963448438659537 0.0129022792016252 -0.000840258426986801 0.119644752031251 0.992732571475601
1645258772.75203 3.68561331954425 0.442414761620921 0.0113625544646621 0.0124316727942257 -0.00216765810486905 0.16416032969607 0.986352949467864
1645258773.25263 3.81021378071594 0.431688961696117 0.008226249815475 0.0192361692903012 -0.00130709864248525 0.218698987981672 0.975601872661162
1645258773.65145 3.9153801929355 0.435452581429602 0.0130576706549679 0.0226492381603558 1.2649026898229e-05 0.225841840727654 0.973900649361886
1645258773.95059 3.9943420067315 0.449215141750361 0.0267158366081371 0.0155109552593217 0.000883460531577448 0.231541701656447 0.972700915059953
1645258774.15104 4.03856489332653 0.454209736821051 0.0248175124458828 0.0237362613823168 -0.000898141936483721 0.23289543656838 0.972211653325692
1645258774.4509 4.10894525678632 0.462048959664966 0.026258188238064 0.0228879237442841 -0.00214000387922865 0.234304615911661 0.971891408693668
1645258774.6519 4.16094382990976 0.476227101844803 0.0366031402659829 0.0162184589697397 0.00171935674176491 0.238683570368458 0.97096043103579
1645258774.95307 4.22525825724924 0.486062092278013 0.0187136410239006 0.0210242917982551 -0.00243317306503619 0.240676063408712 0.970374716965206
1645258775.15198 4.2749991422277 0.495900328179119 0.0171366367725139 0.0148573923782946 -0.00221902615311854 0.24199727316445 0.970160632882833
1645258775.54985 4.35431980268236 0.516967769663924 0.0176039019968241 0.0197100846893074 -0.0021547116342274 0.244648217874853 0.969409159885532
1645258775.95379 4.42128024140911 0.530750635182223 0.0150300066927285 0.0188266205823594 -0.00243719461654911 0.246552286628793 0.968943542420281
1645258776.35218 4.50122125230298 0.558679629503992 0.0120434943831586 0.0190207800049727 -0.00267213279649425 0.2501896235025 0.968006312957719
1645258776.75121 4.61951471506545 0.609286850567131 0.00151627017078017 0.0200657177836036 -4.04475064051353e-06 0.254082256370242 0.966974443277213
1645258777.05089 4.7341943440731 0.65725963832746 0.0170007659637244 0.0174165622143067 0.00364661313996707 0.25938709196126 0.965609497725205
1645258777.25268 4.81411514775347 0.689240665676373 0.0168852239725784 0.0156976260553259 0.00439766316465886 0.254713692044541 0.966879092844579
1645258777.45185 4.88546193529381 0.725075864899997 0.0249262042023378 0.0138972291507147 0.00459754365736478 0.261839427211076 0.965000437291106
1645258777.85308 5.01865636725664 0.786942712787368 0.0308711007426934 0.00990256649244286 0.00258712545753853 0.264140987270896 0.964429771835299
1645258778.45302 5.1179874948649 0.839130232669741 0.0324379596725278 0.0064289745612089 -0.00591174733799907 0.262775684860748 0.964817422611899
1645258778.95271 5.11820753885239 0.845261028893693 0.0320884128224938 0.00337233610911755 -0.00772330649880222 0.265230205712114 0.964148285205031
1645258779.2508 5.11513464116777 0.845886739705662 0.0264704348902564 -0.000992456565356044 -0.0100330702016908 0.264730646045951 0.964269691308602
1645258779.55339 5.10924105371292 0.848462983424901 0.0254112175195961 -0.00377436314651789 -0.0103572845004118 0.265521865083812 0.964041814447397
1645258779.75139 5.10489776371419 0.850462495074073 0.0264474300454877 -0.00889961290172626 -0.0138090152483584 0.277240800443703 0.960660005703061
1645258779.95061 5.1041911979793 0.851074285144665 0.0261098037471832 -0.00671925943275943 -0.0125398397721489 0.286398411810465 0.958004986251954
1645258780.25076 5.09673438335532 0.859785461158405 0.0268390865329666 -0.00893836822722604 -0.0138229890458127 0.305153586104436 0.952160868464398
1645258780.6509 5.08770975619883 0.869515405854574 0.0270424416011441 -0.0101114337881013 -0.01497693330579 0.330540540853707 0.943618779607338
1645258780.95243 5.07557000106351 0.874730137913637 0.0214009460018064 -0.0158094054753081 -0.0168859699349608 0.351721131567265 0.935818984807914
1645258781.15222 5.07505615968971 0.880008902177398 0.0217711561066592 -0.010903664052505 -0.0139341779284867 0.362844081315741 0.931681877815504
1645258781.3527 5.06695141702952 0.881718854433927 0.0245657729311756 -0.010811391092173 -0.0167108595980002 0.376751916322488 0.926100347986913
1645258781.55211 5.06477652449015 0.885716908383946 0.0244545823630576 -0.00964430640116027 -0.014576315486158 0.388202691016873 0.921408264054619
1645258781.85242 5.05362380964358 0.886648501297797 0.0237547132803822 -0.0105394507642721 -0.0155822397919659 0.406801878742605 0.913322695016466
1645258782.35015 5.04102538452317 0.897699915900773 0.0284241982454018 -0.011875045545732 -0.0170363974763272 0.438524677032068 0.898479188455824
1645258782.8526 5.02205094775671 0.900198516598375 0.0292342549883907 -0.0111707245671681 -0.0183287646734526 0.487008005936155 0.873133708805404
1645258783.45253 5.0101465563819 0.896865162400268 0.0229177643771884 -0.00543627555843793 -0.0149571309647114 0.554416096537058 0.832087449155417
1645258783.85111 4.99696764150391 0.899659074578693 0.0237968829879793 -0.00846417144751884 -0.0177019486870462 0.599349017894863 0.80024730775108
1645258784.15198 4.98357749669289 0.903631514137314 0.0238016483751901 -0.00982372335750145 -0.0208336885654728 0.632040713830842 0.774592788463946
1645258784.45167 4.9695193423284 0.901642275364307 0.0241136460538592 -0.0100217429977778 -0.0251760600946132 0.666335360795235 0.74515965914647
1645258785.0529 4.93976511265551 0.896528170879194 0.0216419383340194 -0.0110095846597462 -0.0213070581836162 0.72372911422438 0.689667287567835
1645258785.75142 4.90478564100352 0.882401720502234 0.0208520840548535 -0.0111000011661363 -0.0214721216054711 0.791513372561947 0.610673660004657
1645258786.25251 4.88817359009114 0.87379263780161 0.0268354155520542 -0.0093997501739179 -0.0254120481503131 0.833329176299677 0.552112630206172
1645258786.65054 4.87146253053908 0.861704245487105 0.0273589583475471 -0.00857561406412175 -0.0254504480051733 0.864183227531381 0.502460031040484
1645258786.9503 4.86678650468762 0.846085341372613 0.0242534677770788 -0.00936188909423647 -0.0273137133275513 0.885134446356745 0.464438723589653
1645258787.55085 4.84941245955036 0.827401075634796 0.0298255831403089 -0.00767835590544557 -0.0335899319099231 0.923268873023428 0.382605995027425
1645258787.9503 4.84447757805138 0.810939277259311 0.0246995021742935 -0.00637224073967206 -0.0340231174643021 0.944071099089055 0.327920084610182
1645258788.35084 4.83905197997878 0.791658260574709 0.0219405822790787 -0.0060258761055177 -0.0309186333793303 0.96159940854592 0.272643181486816
1645258788.74975 4.83885762733143 0.777002272505842 0.02290949202067 -0.00439071645725071 -0.0261632403959065 0.975643317824128 0.217752894001675
1645258789.15116 4.84271018462652 0.76303952499153 0.0196145687037945 -0.00428983403041345 -0.0240161353153543 0.986282391313164 0.163253995828873
1645258789.45333 4.84513582350357 0.756138975043048 0.0207173617405026 -0.00387556713677014 -0.0195127977221723 0.992547682061313 0.120222001061106
1645258789.95344 4.85950161942816 0.756853167538508 0.020640593270341 -0.000523865089369909 -0.0137237642407037 0.998477088505005 0.053431148134791
1645258790.45041 4.8688381401277 0.751868782516096 0.0135856150694321 -0.00294472349093606 -0.0229515477544739 0.999440562056098 -0.0241478358497522
1645258790.85132 4.87183939316319 0.743384280548087 0.0133224166975208 -0.00233816147793189 -0.0203487209204826 0.995887185867637 -0.0882563061907894
1645258791.3517 4.87027104145692 0.733940488376838 0.0206669714503567 -0.00197328631894659 -0.0272695083213292 0.989845056155502 -0.139496397306621
1645258791.85153 4.87244948274939 0.734215416485545 0.0183314274025515 -0.00179005850393959 -0.0132074950196474 0.99630567052082 -0.0848373069699731
1645258792.35057 4.88278724581227 0.739558507070705 0.0231615657070799 -0.00392302486146931 -0.00928311578853864 0.999873644698261 0.0122934240555243
1645258792.65163 4.87846109348429 0.739411022041935 0.0208569159915039 -0.0032230539042205 -0.00839388644763404 0.999531628291831 0.0292519851995603
1645258792.95152 4.88165801677525 0.739449493751677 0.0218618649535599 -0.00417825487797509 -0.00965600189056734 0.998634770480459 0.0511654082472216
1645258793.35097 4.88144098932276 0.738000099467322 0.0222817020973565 -0.00469781718219104 -0.0097279206199834 0.996829184105365 0.0788344835079615
1645258793.55026 4.8819495571618 0.739900563962227 0.0251656176103329 -0.00444432726924841 -0.0137132019017512 0.994700440287758 0.101799951572021
1645258793.85052 4.88320228644358 0.734962007118333 0.0202270992871275 -0.00331097049571934 -0.0115018154501729 0.991366115317045 0.130575537972924
1645258794.25029 4.88517056911034 0.734613782927007 0.0225989605865142 -0.00269257599833136 -0.0104059713816826 0.981637033418339 0.190455245177811
1645258794.55066 4.88850522482777 0.738582533091963 0.0225820849893003 -0.00196661069306897 -0.00685375470850958 0.969150121955327 0.246368016598647
1645258794.75018 4.89271790103982 0.741663779177412 0.0243115448903964 -0.00324981368798974 -0.0100556161300966 0.959792589205109 0.280511156644775
1645258794.95077 4.89404698560736 0.741945407557726 0.021618713920748 -0.00280728456323226 -0.00595784161138037 0.94987357360916 0.312564901157629
1645258795.15192 4.89769636831709 0.745069753800728 0.0222395578706759 -0.000194348377504326 -0.00824622371927564 0.935963582516432 0.352000190662003
1645258795.55253 4.9019318058874 0.738515890145932 0.0231529203763978 -0.00019478286489714 -0.00752852275407882 0.903636634673476 0.428233716422204
1645258795.85069 4.90787077613523 0.738894955032781 0.0250591131931879 -0.00108945884792995 -0.00897445341239099 0.87798541234881 0.478602014170497
1645258796.05017 4.91227990101717 0.739902723282812 0.0282404739119092 0.00261993476305679 -0.00723229825180814 0.855122352243311 0.518369166229726
1645258796.25138 4.91411185269689 0.736956910178999 0.0248412136442221 -0.000782527296655101 -0.0100105105010097 0.834361795060522 0.551125731819812
1645258796.55159 4.91595531418384 0.742013932293286 0.025277515520925 0.00130034140827313 -0.00747612989140792 0.797812638455101 0.602857703372345
1645258796.85013 4.9198576496232 0.733691399359289 0.0215120667652038 0.00528990728241422 -0.00813569897538723 0.755341185785147 0.655259887632239
1645258797.2499 4.92674836404191 0.727737700141459 0.0211755825193879 0.00623375864332664 -0.00624037023109878 0.696996001711405 0.717020760948294
1645258797.45014 4.92763461027784 0.728491574776943 0.0191159077387244 0.00101133890876147 -0.00850678424940115 0.665456968000047 0.746387054788284
1645258797.85261 4.93093701486945 0.724637238276469 0.0215038045741067 0.00493964041063017 -0.00749625099592706 0.598376123926008 0.801165039482444
1645258798.35142 4.92661686079239 0.72060890791321 0.0199222902375401 0.00738418296969377 -0.00600405697235385 0.506818361691669 0.862000332595014
1645258798.65225 4.92636256702245 0.721109178394264 0.0208981602211388 0.00669405830184325 -0.00430723887470727 0.452440082986273 0.891759277262705
1645258799.15134 4.92173692784188 0.715225121732593 0.0220852448154523 0.0111343646237484 -0.00340589442162044 0.352772273024345 0.935636761351782
1645258799.65257 4.92233045492925 0.713614800000908 0.0178294578112582 0.00544457553380944 -0.00404083371331215 0.251959816879343 0.967713944788586
1645258799.95071 4.91573585426201 0.714556148934617 0.0264206366588056 0.0113277709049739 -0.00402754270260549 0.184056037615488 0.982842223107753
1645258800.35116 4.91013642799224 0.714236821534267 0.0244563252203718 0.0123274861322137 -0.00312924419801804 0.0995144483409963 0.994954830878164
1645258800.84997 4.9114984587891 0.713171460908151 0.0237704489860408 0.00566132965684624 -0.00252030258053858 -0.00347848976091892 0.999974748446381
1645258801.15013 4.90357667670637 0.718084973890111 0.0229560811862868 0.00995329114967566 -0.00280630249917278 -0.0735518457198437 0.997237776386744
1645258801.35215 4.9011163231608 0.718195516900565 0.0209200872373155 0.00849798139244859 -0.00202740437714901 -0.11313295191539 0.993541448121142
1645258801.55001 4.90002044859853 0.722646969752164 0.0225813935449229 0.00901774631533556 -0.00154630115909473 -0.15789231442433 0.987413948782296
1645258801.7512 4.89704115629468 0.7233366639719 0.0237892390613112 0.00896288955917141 -0.00197481579615251 -0.198429991599221 0.980072091811237
1645258802.05261 4.9010746683262 0.729984768710075 0.0233980387392227 0.00769569551436326 -0.00263876060968658 -0.255532261341878 0.966766298867778
1645258802.2505 4.8923565525638 0.729536031649781 0.023113632245329 0.011942784450906 -0.00276750146784867 -0.30560202907071 0.952080411868162
1645258802.45066 4.89543104133122 0.734303290224642 0.0196673805743025 0.00763570667761949 -0.000554299470094995 -0.338187035487513 0.941047776557492
1645258802.75148 4.89531706753749 0.734949534507951 0.0208431097494366 0.00831141249276758 0.00208944579567486 -0.404466310353495 0.91451274372076
1645258802.95101 4.89222708053955 0.737949167962607 0.0256219888132588 0.0110738114621273 0.000765202971185372 -0.443523078256866 0.896194211216335
1645258803.24953 4.89537270056059 0.743470104921928 0.0217314448131985 0.0100527702223211 -0.000685287826887484 -0.493149821664137 0.869886041722754
1645258803.45085 4.89009774704291 0.743104508251544 0.02310293996091 0.00994776007837448 -0.000427472168034725 -0.536976640748854 0.843538349233184
1645258803.75189 4.88988173990244 0.744160150790088 0.0218298234849925 0.00916205794041463 0.00207744570539779 -0.588446516071271 0.808481563572863
1645258803.9508 4.88806403454942 0.747283470537309 0.0185262727062239 0.00886067769380183 0.00249885738693637 -0.620204828169652 0.784385884126951
1645258804.14935 4.88994412663138 0.750725633667353 0.0185263201860097 0.00606493709751668 0.00503706012085659 -0.654809318032297 0.755753003025076
1645258804.34898 4.88890473786344 0.751039543501562 0.0184571175061465 0.00856900942257156 0.00263521140406804 -0.684187512990383 0.729251036890868
1645258804.74816 4.8860401163221 0.755564486938097 0.0223373287237963 0.00879403320667259 0.00601793148426544 -0.742374756605513 0.669900119596582
1645258804.9477 4.88810806577319 0.76057686121802 0.0206042607408367 0.00941540200923246 0.00595131235333113 -0.772934449376522 0.634388106014994
1645258805.45192 4.89206709474961 0.754099928782738 0.022404720042543 0.0106643202151902 0.0032924370491644 -0.835455432604877 0.549444858255697
1645258805.8497 4.89921774714519 0.753696544448766 0.022585011910203 -0.00790539097848711 -0.00391494473001064 0.878706625503194 -0.477280676644286
1645258806.04992 4.89899379433183 0.755655639101187 0.0247348894793299 -0.008268271757949 -0.0068902105889491 0.897207411670783 -0.441478222705482
1645258806.34916 4.89679993668049 0.749981636871348 0.0194460042392959 -0.00361899330756982 -0.00737929429332114 0.92173600071911 -0.387730826581422
1645258806.75332 4.89714473195404 0.751300299328805 0.0198865480454884 -0.00418683918246798 -0.00737262415040783 0.951091575263115 -0.308792697864316
1645258807.24946 4.90423434162216 0.763054285425582 0.022296610559979 -0.0051753310933209 -0.00763225595630217 0.979838240872133 -0.199579523853765
1645258807.8513 4.91053761001854 0.765909024888736 0.0226306291564815 -0.00536814286266769 -0.00674356981307859 0.995035856583336 -0.0991430855977849
1645258808.34865 4.91477042748314 0.76604091755427 0.0237983393203975 -0.00362799317519706 -0.0121305231953273 0.995018841228447 -0.0988796929249189
1645258808.64973 4.91479421550908 0.765152269636826 0.0242775956386334 -0.00518429312109362 -0.0121267567050209 0.994869265652997 -0.100305578786613
1645258809.04932 4.91911040465859 0.762387141127137 0.0245975569297221 -0.00437900660629589 -0.0155318848735383 0.994983549267794 -0.0987285244490174
1645258809.25091 4.9193190663457 0.756533455972646 0.0210198706827271 -0.0039810114728498 -0.0170688555358719 0.99532823438852 -0.0949447815700266
1645258809.54819 4.92516112965445 0.751578302225509 0.023567845008267 -0.0026502428606041 -0.0218588099364383 0.995215678538777 -0.0951888745155855
1645258809.84822 4.91976139104088 0.7460595461714 0.0287780983109156 -0.00346849028960328 -0.0282236392854572 0.994920971003702 -0.0965590866653502
1645258810.24899 4.90790321770689 0.733920291588603 0.0318153950528379 -0.00222561110747373 -0.0329386737403576 0.994864860832785 -0.0956765337352262
1645258810.65034 4.8671806433381 0.711598963714594 0.030325500004761 -0.000743342424963311 -0.0352274144675217 0.994937010347301 -0.0941213161464863
1645258810.85137 4.82569952233751 0.698784297928424 0.0182238272814412 -0.005698636305164 -0.0271847593988786 0.995912383671929 -0.0859478821704374
1645258811.04982 4.7685583203813 0.672458687986855 0.0238966224226355 -0.00494615638912669 -0.0382538668338526 0.995448702309076 -0.0871438941085844
1645258811.24972 4.70332299102435 0.656218915347367 0.0138187697669995 -0.00784165862101531 -0.0230891851479077 0.99652176258508 -0.0796854730399598
1645258811.4499 4.63829068272251 0.624461144433382 0.011318817657681 -0.00585838229879023 -0.03895000916095 0.995850812220671 -0.0820349678041818
1645258811.85024 4.49744158753324 0.574097239054667 0.0116671631013848 -0.0112669027537182 -0.0405926340911175 0.996121670761995 -0.0772457895177135
1645258812.24825 4.36798691543362 0.541429113453464 0.0130693609479146 -0.0103740986350944 -0.0360484875828071 0.996664273301686 -0.072479037966329
1645258812.64921 4.27759596207965 0.51736114986072 0.013095351544799 -0.00624889478882254 -0.032400844440039 0.997136855649817 -0.0680384280997641
1645258813.15018 4.18318155656552 0.493264399315307 0.0151958789470456 -0.00503636321648916 -0.0281361303124166 0.997706115209657 -0.0613636772842808
1645258813.64841 4.05315239640723 0.466941399594437 0.0127905522375899 -0.00538514840553827 -0.0283067209166511 0.99792606201317 -0.0575613106390444
1645258814.15118 3.88090625806266 0.419889374169732 0.0194868633276244 -0.00643278330463563 -0.0339166410319281 0.997867517516868 -0.0553958323774388
1645258814.5503 3.72330445628754 0.388457350153404 0.0113816320890834 -0.00686100836422864 -0.034261392748172 0.998109110069269 -0.0505696344451216
1645258814.94978 3.56192791611613 0.360140219222846 -0.000606827277780537 -0.00897797112037313 -0.0304671369504755 0.998354871158921 -0.0477357395863598
1645258815.2502 3.43177094381591 0.343220852033263 -0.0036155210536192 -0.0136670709898193 -0.0232753713933683 0.998799668180318 -0.0408740883683951
1645258815.65396 3.2489426225181 0.319845303860682 -0.00928422182286791 -0.0142396091663885 -0.0223655128194134 0.998897765314088 -0.0387333424536887
1645258815.94844 3.09708456747199 0.304900583422485 0.00333947028091071 -0.0180343441092811 -0.0261663904787345 0.9988292095167 -0.036473177241743
1645258816.34789 2.90785986766948 0.279293082404085 0.0127948487987145 -0.0139763910530552 -0.0184997488400233 0.999110662665529 -0.0352179433532928
1645258816.64975 2.81680238264734 0.263550529653652 0.0169232685465699 -0.0105193605196542 -0.0197112092756875 0.999044166435817 -0.0375707970864597
1645258816.8487 2.77821289657258 0.261443244162338 0.0216367969262416 -0.00790126799556043 -0.0246270996184037 0.998914658732754 -0.0387373269247279
1645258817.04828 2.75821709443425 0.253209946398844 0.0166186290218309 -0.00588790367389292 -0.0211986144409278 0.999090610523929 -0.0365226409099174
1645258817.34873 2.730067481603 0.250121121530281 0.0125415794574673 -0.00243563947410249 -0.0214067805515327 0.999141017667659 -0.0353983646628658
1645258817.75051 2.67320533991925 0.244430638282753 0.00753901023359976 -0.00311078675523371 -0.020515410337386 0.99925910788622 -0.0324141365902097
1645258818.14923 2.58155097235352 0.234276660499359 0.00131658535746899 -0.0054836851688486 -0.0223194378672725 0.999263432440325 -0.0307305137906708
1645258818.34907 2.52609469088693 0.224795886536926 -0.00629941773598015 -0.00805102514140728 -0.0220131649095821 0.999277338041229 -0.0299232892923259
1645258818.74975 2.40674656422364 0.204878306356816 -0.013859329055671 -0.00924501353522272 -0.0267178476545806 0.999260544609674 -0.0260585941258854
1645258819.14961 2.28503722580908 0.17569102064506 -0.0170176635732674 -0.00871642636091374 -0.0284179597708622 0.99933349280927 -0.0211899415662388
1645258819.44974 2.19886753843831 0.159467731151775 -0.00650483352557751 -0.0104251418132072 -0.0263529984416874 0.999479678965717 -0.0154015332319221
1645258819.94955 2.0523051436014 0.128852213064804 0.000764037992645709 -0.00919578280109877 -0.0313493199788342 0.99937342585352 -0.0136166594045311
1645258820.15013 1.99801017858494 0.118426611919713 -0.00950554131595177 -0.00898024569742984 -0.0288896808746139 0.999480984835842 -0.0110680837434539
1645258820.64954 1.85388805492482 0.0901474820331979 0.00855230804029583 -0.00680111914700682 -0.0250656918003015 0.999656603397915 -0.00348298088774213
1645258821.04818 1.74106726134628 0.0738767576758946 0.0011750335625263 -0.00631697669776773 -0.0251400098871539 0.999543582934992 0.0155145583808639
1645258821.35004 1.66682825019536 0.0656295511018729 0.00852038331421953 -0.00354225590181424 -0.0155260365008908 0.998502672422642 0.0523336199640499
1645258821.64862 1.59258561410624 0.0591643503496855 -0.00340377665379405 -0.00592648306013597 -0.0328472615662285 0.997703528932823 0.0589372764990816
1645258821.94826 1.51335804368689 0.0494779063286925 -0.0156800704406896 -0.00555123820132666 -0.0362134962478261 0.997518701202709 0.0601182767118387
1645258822.54965 1.34079773921089 0.050308453283122 -0.0302028116106282 -0.00833176443322086 -0.0267296889294023 0.99702086710364 0.071871385064384
1645258822.85077 1.24590948042716 0.0544453018387453 -0.0358173460606701 -0.0101024530777169 -0.0284139066910789 0.996979316391849 0.0715739689775928
1645258823.24914 1.1068964326343 0.0630488799121066 -0.0366159266877782 -0.0106144770308729 -0.027735948219455 0.996811634965244 0.0740581828810712
1645258823.44775 1.02383550747778 0.0723189970329667 -0.0231594406900805 -0.0126571199915601 -0.0251924668038381 0.996683468563766 0.0763361016921649
1645258823.84858 0.860429420300455 0.0894400132442096 -0.00914438908495454 -0.0131261670951794 -0.0247191818638022 0.99658646430627 0.0776664982273668
1645258824.44903 0.608435684393723 0.111625493890097 0.00528118000486381 -0.00971994607841038 -0.0193254884287438 0.9964521510756 0.0813336262688027
1645258824.64847 0.521775839085289 0.12490382300307 0.0100432012034099 -0.00785464465319945 -0.0205820899140986 0.996558343399246 0.0799133927041659
1645258825.04812 0.363855201769706 0.145958501117616 -0.00196819495153567 -0.0082729464014528 -0.0202755054017614 0.996549831110283 0.0800555828946845
1645258825.54893 0.166074985959213 0.191753905288472 -0.0184641346495509 -0.00976867653408805 -0.014296647059289 0.996362455085213 0.0834388215293216
1645258826.14861 -0.0636832192888396 0.253993054568733 -0.0381891967120682 -0.00961102450896727 0.000498397999903005 0.996578572246521 0.0820885445504244
1645258826.3505 -0.142278789021003 0.279844658092202 -0.046721988890173 -0.00801469510417649 -0.00260572761669282 0.996687919832136 0.0808836529013373
1645258826.74923 -0.264597931842191 0.341276471228184 -0.0300119265448724 -0.00603334115632328 0.00978691201681981 0.996728076663806 0.0800059768875816
1645258827.05033 -0.311163032570818 0.378133162073228 -0.00138648875751031 -0.00817882115509586 -0.00659838045305222 0.997013445659284 0.0765098518787775
1645258827.34889 -0.321540302500231 0.406234365276867 -0.00285438745601609 -0.00364024541718954 0.00557094001400262 0.997176232701751 0.0748015653272486
1645258827.74867 -0.316877263491755 0.423458216797906 -0.0121645729990149 -0.000130792263879968 0.00461203928962311 0.997244302438436 0.0740439953071989
1645258828.15029 -0.318437890233231 0.428592570359999 -0.00314633556580306 -0.00161345001712212 -0.00883430257211937 0.990974762844506 0.133747415983942
1645258828.54842 -0.313183541566154 0.428912951954296 -0.00731115871346105 -0.000318546556526685 -0.00893367160002471 0.972800072389111 0.231473772163446
1645258829.14864 -0.302658024115176 0.424131338420721 -0.0142633237614063 0.00182445055542515 -0.00637904509853361 0.923768102713538 0.382894857072843
1645258829.54914 -0.296541050824608 0.427719245108413 -0.0136430069132573 0.00291346116040257 -0.00770847259687305 0.878721378374808 0.477263900144739
1645258829.74804 -0.296730311029269 0.429175480893237 -0.0222846255564901 0.00133263971440154 -0.00644627626370714 0.858330547358049 0.513054910380708
1645258829.94763 -0.293253591139485 0.422379624358742 -0.0202887175971769 0.00400469252912357 -0.00584531182364108 0.825589268030881 0.564227042315117
1645258830.3469 -0.288966467127168 0.42306960566278 -0.020034564221997 0.00438349530294548 -0.00488937776997602 0.763302763422771 0.646007562111399
1645258830.54859 -0.291000450880685 0.420427057614293 -0.0205720159857464 0.00152320991901052 -0.0077546113715928 0.736016913859672 0.676917017326719
1645258830.84738 -0.290841312178824 0.424217515272956 -0.0171398750511601 0.00446370448009977 -0.0035425730409959 0.677124280247723 0.735846610794374
1645258831.14758 -0.290465171347049 0.416489374332772 -0.0132358330777986 0.00900800963774204 -0.00154757810082407 0.61566565625895 0.787954478677306
1645258831.34809 -0.291801991711947 0.412542974802624 -0.0140856732307712 0.0024634334189199 -0.00441043854786313 0.580367726241785 0.814338861816472
1645258831.64743 -0.287379088301778 0.41194886047267 -0.0186490636427017 0.0054898976753825 -0.00454648241024512 0.512541477904123 0.858632880775634
1645258831.94748 -0.288260345461819 0.401058075166343 -0.0103731244459541 0.00937065990678375 -0.00281384922090097 0.442192181007409 0.896866962286706
1645258832.24843 -0.287332621297232 0.397123977432813 -0.0133891704986355 0.00890690654207924 -0.00320564480124004 0.371943225353032 0.928207211764293
1645258832.54653 -0.287780815489082 0.392813144281864 -0.0101578225956457 0.00709292336370882 -0.00311344845068875 0.342427632125873 0.939512274338962
1645258832.84664 -0.293431305118226 0.402607936291994 -0.0145897138844793 0.00274535972475679 -0.00573729973859634 0.345519637797776 0.938389964933441
1645258833.24799 -0.297751482735932 0.406225826762529 -0.00961676198494617 -0.00280278549250659 -0.00792577032084616 0.344726411051221 0.938665557097974
1645258833.54705 -0.296566024527993 0.409873230837617 -0.0217918417165758 -0.00464532951881013 -0.00783496940573971 0.343310485706182 0.939177802427345
1645258833.7469 -0.293763343323083 0.411077018363835 -0.0194799503605543 -0.00669103552007497 -0.00795769982241891 0.340053642609215 0.940348565801751
1645258834.04742 -0.28879769272482 0.431407891089373 -0.0214827389192237 -0.0124570933596997 -0.010951387849383 0.34240457077096 0.939406194276126
1645258834.3475 -0.273332689060119 0.454420515961001 -0.0225924668318193 -0.0145112043566261 -0.00838551328215268 0.341110069179199 0.939873943047511
1645258834.74873 -0.243932164240612 0.503911998299846 -0.0184394816556759 -0.0167164008932518 -0.00781315542570966 0.336993815432437 0.941326024767061
1645258835.14857 -0.208100332810807 0.571931451011104 -0.00847354922298612 -0.0204675129126014 -0.0100779244271062 0.331898539621187 0.943039169786567
1645258835.64976 -0.160621731640102 0.653060208001778 0.00310647085431465 -0.02537908502849 -0.0128494240028554 0.325213753302031 0.945212573450606
1645258836.04741 -0.116569268981739 0.714001357183758 0.000255070489211091 -0.0227395316896416 -0.0114045061396684 0.319977789975218 0.947083451898945
1645258836.4483 -0.0593142301300034 0.784339029125639 0.00728588690690898 -0.0216125280800153 -0.010451186793655 0.315161519751594 0.948734361026552
1645258836.94704 0.0379976835937673 0.889170997719521 -0.00450601786171716 -0.0136257093293248 -0.00506970294440774 0.307584808824118 0.951409598195204
1645258837.24791 0.10443094610693 0.960564982196288 0.0103242364214035 -0.0228058988106609 -0.0104970522302537 0.30403354440804 0.95233046089506
1645258837.64841 0.201438608017071 1.05510432202887 -0.00454052966888461 -0.0216403204065401 -0.00830507389464919 0.299330785897793 0.953867812065234
1645258838.04861 0.302249218180712 1.14516788588025 -0.0101729668980682 -0.0172901330341246 -0.00548325459278726 0.296117626736186 0.95497923346786
1645258838.34727 0.369918245156916 1.20889065316071 -0.00846231966204192 -0.0199068370411732 -0.00875979745903163 0.296236168931606 0.954867067190097
1645258838.74661 0.469404177147944 1.28722647792461 -0.0129989509143956 -0.0169188133903427 -0.00684400468344862 0.293964954374693 0.955641940766959
1645258839.24674 0.587016612975148 1.37679013230751 -0.010492589929482 -0.00974662219637442 -0.00433561028803526 0.288169814253811 0.957519902661096
1645258839.64897 0.684581018190103 1.44981459311031 -0.00515532347315873 -0.00753705841098555 -0.00286462701971131 0.286225111207488 0.958128473836786
1645258840.34697 0.86004348800176 1.56392036505149 0.0179810397230844 -0.00810224830024124 -0.00354263447813104 0.287762900431283 0.957660856696571
1645258840.94692 1.0198387214266 1.64912880457331 0.0229115652214562 0.00523312099169782 -0.000332139655421331 0.285346933211178 0.958409949778752
1645258841.44902 1.15956390372021 1.71577762153527 0.0249290398124066 0.0120028938363658 0.00365455748570663 0.276527897979975 0.960923980545763
1645258841.74656 1.2433665853711 1.74171197766196 0.0161410762462789 0.019695017448316 0.00196596970848242 0.255988606563858 0.966477146424224
1645258842.14589 1.35719323487123 1.78429414917652 0.00883405189504668 0.0162676530393594 0.000905146924098402 0.230878956055721 0.972846057618705
1645258844.04642 1.90548850716333 1.97258808052755 0.0272064425556489 0.00311948335071317 0.00213607893990084 0.0918603741361796 0.995764720028757
1645258844.2467 1.95725431759084 1.98821357642213 0.0299329354927626 -0.00253079806450875 0.000949260370283979 0.0792328381725463 0.996852472194873
1645258844.84892 2.13523619705252 2.04291540421222 0.032285382545499 -0.00684677839735662 0.000824034468192852 0.0227766006549893 0.999716794424989
1645258845.1476 2.24225526237105 2.06656276949849 0.0262410856450725 -0.010186609691548 0.00353012714616649 0.0191683265878068 0.999758143973405
1645258845.6472 2.48870546760162 2.10146566375384 0.0113652043311488 -0.00689350131892179 0.00356477804341615 0.0121430164298526 0.999896154182549
1645258846.4492 2.92847713847769 2.12523582438748 0.0163808067924656 -0.000371586049782101 0.00699291992557596 0.011144919969274 0.999913372124606
1645258846.849 3.1310568811863 2.1232966591777 0.0178135537889871 0.010047824111631 0.00696178132420801 0.0112229981569835 0.99986230009126
1645258847.24893 3.32023496595738 2.11427324590736 0.0309630299863977 0.00890050802890077 0.0111730786976604 0.0104612095829707 0.999843240894944
1645258847.8477 3.55429986038036 2.09211648412562 0.050240816191775 0.0206728149752006 0.00188105692049985 0.0110830213560761 0.999723093153041
1645258848.04758 3.62612573808755 2.07831762230677 0.0434526752160649 0.0198379392388895 0.00557852998228851 0.0153833053998018 0.99966929035805
1645258848.75448 3.87755939305681 2.02556287143972 0.0159182801223205 0.0260587868753917 0.0022422303606623 0.0230882477801034 0.9993912371259
1645258849.54715 4.18017889238438 1.97935514210554 0.0194939005950725 0.0233396455450886 0.00359632703199599 0.0316615943029978 0.999219630924003
1645258849.9465 4.338781708591 1.96952143976863 0.0264749610230188 0.023483766488335 0.00234586695801407 0.0353843993463695 0.999095067499902
1645258850.14822 4.42091770230043 1.96909500252457 0.0325634336834343 0.0230164272874748 0.000518658904654615 0.0363428536281731 0.999074157436785
1645258850.44707 4.5075750426551 1.95866106766468 0.0320440953667831 0.0162188595154905 0.00327765783504423 0.0323483052110194 0.999339678340207
1645258850.74867 4.56321727576183 1.95514150064182 0.0258033551260266 0.013704205571492 0.00200177479372546 0.020046270179492 0.999703123281717
1645258851.14792 4.59941563979945 1.94885428728848 0.0313997581788153 0.0121514757612731 -0.000916962631710509 -0.0272489094608621 0.999554399594914
1645258851.44739 4.61056615713878 1.94603289394464 0.0331566135724404 0.013692270685625 -0.00399887912607957 -0.0741619968859213 0.997144186618515
1645258851.64675 4.61098768085771 1.94217999554436 0.0371140952314888 0.00962152859404193 -0.00351851163016121 -0.100624158765617 0.994871763061016
1645258851.84708 4.61666930660475 1.94138360134146 0.0317130796312613 0.0111908330426925 -0.00435229546944632 -0.130097298820865 0.991428522698168
1645258852.04665 4.61973242373158 1.93947082832905 0.0345512386621545 0.0080135209779498 -0.00284460604183233 -0.155999536172369 0.987720525458497
1645258852.34829 4.62351874521211 1.93078578939728 0.0322595058086307 0.00911556000002779 -0.00199042250657766 -0.19390519565861 0.980975901783896
1645258852.54754 4.6220801500221 1.92949911041271 0.0309872927566344 0.00723741408640275 -0.00397350676622902 -0.226308661749161 0.974020646957047
1645258852.7465 4.64400254831363 1.91947576104118 0.0295074797638067 0.00995768123019001 -0.00266592106281933 -0.226726885802115 0.97390382312828
1645258852.94587 4.68486613882004 1.89461426703437 0.0208306573612473 0.0103325629109256 -0.00242362338541419 -0.234862901167028 0.971970566348994
1645258853.24832 4.79021932430461 1.83489050297358 0.00979833309713064 0.00698828934151494 0.00270690044527982 -0.230950534952698 0.972936630468358
1645258853.44609 4.87304657621876 1.78550417086279 0.00853616942960641 0.014062164854047 0.00520635945160121 -0.233234911952375 0.972304800557647
1645258853.64688 4.96532603438412 1.72819574378045 0.0100492290775079 0.0099383162003402 0.00452352571989552 -0.230544533046454 0.973000506612692
1645258854.04757 5.09896836978314 1.64630556260621 0.0303561909850454 0.0192938385123184 0.00242553688232856 -0.249175801521382 0.968263024442465
1645258854.44911 5.17179749701423 1.59732203394508 0.0358340872793169 0.0213708751018208 0.00150346231558616 -0.271967928600499 0.962067810037942
1645258854.75089 5.18639084578842 1.57235327660386 0.0337406117110817 0.00313905490025074 0.00524839653095159 -0.333520788860275 0.942722909484121
1645258855.04842 5.21455772831055 1.55645515506713 0.0238785071320678 0.0120052469632341 -0.00134274624231873 -0.419940854943087 0.907471073603754
1645258855.44571 5.22941671543637 1.54176321865078 0.0276614595498292 0.00770816881704538 0.00104820297210431 -0.476009199523939 0.879405894551882
1645258855.74856 5.24030867048402 1.52580541362282 0.0304213498213367 0.00778421381868998 0.00282835989175159 -0.47908983276673 0.877726801764134
1645258856.04852 5.25869921895187 1.4963258030766 0.0323178058690376 0.0116057243820698 0.00112159326648062 -0.480870661537841 0.876714010417463
1645258856.25016 5.27414174909383 1.46230168766149 0.0307445145749487 0.0134894245223242 0.00226478638357018 -0.474936869376066 0.87991356182068
1645258856.45097 5.28710615342013 1.43004845009793 0.0235781049140693 0.0169610188894225 -0.00268739416821345 -0.479286620260058 0.877490420113239
1645258856.65106 5.30576110266079 1.38363179923185 0.0204701977509457 0.0184914653157228 0.000109257789520329 -0.471812187015517 0.881505141197059
1645258856.84647 5.3167517438472 1.34325676746178 0.0169638594658764 0.0236095358147044 -0.00518401282401895 -0.476257479410057 0.878973565663743
1645258857.04785 5.32656107501619 1.30617805737333 0.0153201607738828 0.0138537933210764 0.00105847671433997 -0.46893927683087 0.883121116655582
1645258857.24818 5.3209394602086 1.27985238430942 0.0166680531794544 0.0228082996103933 -0.0074139398470991 -0.472573934772202 0.88096463671293
1645258857.44927 5.31918747975635 1.26449819377038 0.021824453386706 0.0118658748657957 0.001977442101167 -0.465997472542585 0.884704270544869
1645258857.64722 5.31140602761505 1.256786607523 0.0224877956953608 0.0185874878803805 -0.00804087345808856 -0.469666117068877 0.882611799221929
1645258857.84887 5.31070713998389 1.25373605658732 0.0256231026834987 0.0196227227975405 -0.0042729772287528 -0.464080402438123 0.885565395941194
1645258858.04729 5.31030398377065 1.25587286152597 0.0228308094466022 0.0177098194650897 -0.00600441386494541 -0.46317572061793 0.886069162728686
1645258858.24874 5.30667514600882 1.25715723935103 0.0269503766216784 0.00152458495903496 0.000649599970482202 -0.424977127188507 0.905202571266335
1645258858.44768 5.30456587501852 1.25745088427189 0.0282674838850203 0.011271995077947 -0.0025595564164217 -0.389719933929824 0.920860881944524
1645258858.64753 5.30197332360963 1.26080457026411 0.024604474674474 -0.00954975836162743 0.00286397181424097 -0.344561226997119 0.938710903649745
1645258858.84781 5.30731602315221 1.2643759380795 0.0256921374896597 0.00441389744962642 -0.00168918692760284 -0.300985195367648 0.953617101527823
1645258859.05272 5.30611040239654 1.27280248796712 0.0233949248986767 -0.00793158404833414 0.000628506862945133 -0.250865991549884 0.96798912661109
1645258859.24891 5.30485268808565 1.27784243909252 0.0187719562638986 0.00693011915566292 -0.00155914296534888 -0.200269012217271 0.979715195996888
1645258859.44951 5.29997212480183 1.28241773103747 0.0234834208033105 -0.0128770420127993 -0.00134005745084085 -0.135601851988487 0.990678819684928
1645258859.64609 5.30226410911112 1.28795806171075 0.0220386131316652 0.00224136616040272 -0.00314950516740676 -0.0720948361713838 0.997390290454222
1645258859.84812 5.30091385997802 1.29192922181202 0.0327358087694993 -0.0110133578915906 -0.00545113209912901 0.000252633996412774 0.999924460788341
1645258860.04646 5.30307383834772 1.2985311981781 0.0217239955462656 0.00474368709634551 -0.00447743854638953 0.0738621634265249 0.997247126238401
1645258860.24716 5.29457334894632 1.29528615205776 0.0221219532259636 -0.00993867841752587 -0.00910980800194598 0.153605081549994 0.988040339759213
1645258860.44914 5.29118083356932 1.29753286836239 0.0207092142033192 -0.00149745021642686 -0.00956431443579108 0.226676944639572 0.973921888192832
1645258860.64734 5.28221066531561 1.29863920350643 0.0223225911508139 -0.010519491305182 -0.0143469832344775 0.306161989987449 0.951813185589313
1645258860.84661 5.27693921993817 1.30064070376443 0.026430011966313 -0.000559523094043318 -0.0110327319245917 0.377444639974595 0.925966257222495
1645258861.04884 5.27190127743093 1.30188141285677 0.0265360897983737 -0.00881398103164686 -0.0173344974127899 0.453529411934179 0.891029124915935
1645258861.24662 5.26271379278019 1.30047923544914 0.024009684823836 -0.00223211420569834 -0.0115722204743066 0.521379894937726 0.853243286838046
1645258861.44732 5.25947978908809 1.30006499151144 0.0168976697864931 -0.0116062146015532 -0.0184963412049747 0.589831161000064 0.80723130678757
1645258861.64705 5.25145438490273 1.30082146764104 0.0197707584292731 -0.0045971805884735 -0.013210425197171 0.651577719758384 0.758452915948783
1645258861.8471 5.24943368258171 1.29864598680398 0.0146471258842661 -0.0123964636083799 -0.0213207321208885 0.710870763944596 0.702890113062249
1645258862.14988 5.24407551646075 1.29383627869299 0.0175841607390972 -0.0122323830517815 -0.0269809995089042 0.792517696239408 0.60912896468462
1645258862.44881 5.23519583112892 1.29080768193128 0.0211242425965309 -0.00664988520735324 -0.019445172111435 0.858284195500837 0.51276300964653
1645258862.74884 5.23390710836129 1.28682248213616 0.0149697105861678 -0.0047030757861337 -0.0117379364033382 0.910942185193682 0.412340195908306
1645258863.04802 5.23364858237094 1.28295847249407 0.012385181324964 -0.00785503785685841 -0.0243969147014565 0.955444967320499 0.294054422437835
1645258863.44881 5.23999755477646 1.27521652464644 0.0150415740272539 -0.00582314755866169 -0.0241663654614476 0.990036752055159 0.138597645409165
1645258863.84791 5.24625738771424 1.26567412678046 0.00841477513207222 -0.00394794217500692 -0.0225839752411265 0.999502592230637 -0.0216551596421715
1645258864.14738 5.25320931511146 1.2573472928389 0.0189851904051032 -0.00209532143279527 -0.0300358464135259 0.989065342525212 -0.144371762383793
1645258864.3479 5.25944202666703 1.2529180002864 0.00974273579088327 -0.00667830455188123 -0.0120977114640308 0.976423869766873 -0.215419293878543
1645258864.54725 5.26635028423388 1.25173004111361 0.0196775014590164 -0.000169352618125696 -0.0276914821028954 0.953668508612041 -0.299582257185437
1645258866.95003 5.30910718981306 1.28554571809237 0.0133810834056597 -0.0107119735063459 0.00608347926126119 -0.337986798445185 0.941070225318202
1645258867.34776 5.30358649228397 1.29208591440045 0.0164110694801004 -0.00887581800972256 0.000284147298457235 -0.191342519017239 0.981483152953278
1645258867.54698 5.29757344964691 1.29732386068672 0.0146024005448549 -0.00789276293915529 0.000364107872994668 -0.117733024958709 0.993013850131364
1645258867.75044 5.29757967405553 1.29795636565838 0.0185101325113935 -0.00530419003609698 -0.00373999652835342 -0.0452707658292538 0.998953670474893
1645258867.94834 5.29083912378025 1.30487182378528 0.0245224713258585 -0.00957071541963525 -0.00444329015772546 0.0333909177899955 0.999386664503821
1645258868.14984 5.28637232400612 1.30530436713259 0.0154681355239586 -0.0126866485174348 -0.00613666685650493 0.0813183133908717 0.996588542065657
1645258868.34874 5.28744055472161 1.31092732352343 0.0234558013328873 -0.0155589204627564 -0.00481811672580842 0.0922792619281632 0.995599941524327
1645258868.54889 5.28240869513161 1.31184907373942 0.0212499791192824 -0.0101354662736844 -0.00551637867568678 0.0854363529615746 0.996276804649364
1645258868.74854 5.2823467603935 1.3143313787193 0.0260436785376277 -0.0135072544988312 -0.00477819848793369 0.0905886678833528 0.99578532633607
1645258868.94653 5.27839462592972 1.31673767219545 0.021982225916617 -0.0113914300982314 -0.00524265741998494 0.0837530118035022 0.996407638909566
1645258869.14735 5.27068837342641 1.32127951413612 0.027328529513929 -0.0143169411696304 -0.00701613275929039 0.0882128353901427 0.995974043210505
1645258869.34774 5.25696570528753 1.32640154960677 0.0220941208486279 -0.0139201043135887 -0.00719638819812724 0.0819183074822139 0.996515847135433
1645258869.54749 5.24159580114535 1.33475211507642 0.0219142513245818 -0.0221739165756794 -0.00884114270913619 0.0860753767622736 0.996002600967751
1645258869.74787 5.21487688698811 1.34015436697059 0.0190181671161907 -0.0147029119535729 -0.00681232696307951 0.0807262274145263 0.996604581962601
1645258869.94869 5.18646028433519 1.34863100208143 0.0246579057373696 -0.0228106891250933 -0.00985805085623044 0.0855348051247886 0.996025244864415
1645258870.14965 5.14899328699574 1.35146084105231 0.0154787184144855 -0.0125518802769942 -0.00616705218368256 0.0803921671688832 0.996665198161733
1645258870.34966 5.11498543263134 1.36063839452878 0.0268990802956068 -0.021146589480898 -0.00962757417303477 0.0856477750034335 0.99605451166381
1645258870.54714 5.07100715276361 1.36012461512124 0.02415067922192 -0.0125621076815854 -0.00665232495454634 0.0792790651771377 0.996751107271988
1645258870.74774 5.02995992100571 1.36526925467394 0.0255061162934396 -0.0190951738189283 -0.00929273365120095 0.0834267420447864 0.996287608148323
1645258870.94741 4.98718683416891 1.3660916950679 0.030311549935894 -0.00907944441191488 -0.00586861091054436 0.0776904980064557 0.996918908244126
1645258871.14721 4.94375047999456 1.37136398785264 0.0270635516251344 -0.0188905265631108 -0.00915565281649693 0.0828331408404433 0.99634230704421
1645258871.54945 4.85461896723533 1.3805141084753 0.0338013760200372 -0.0183108360861669 -0.008943317459729 0.0828878592964816 0.996350507168982
1645258873.54841 4.52632779761676 1.42068440424268 0.0151774187799359 -0.0185736017979077 -0.00739755103313338 0.0763067779707443 0.996883931654377
1645258873.94986 4.47686923984018 1.43553403847606 0.0158007908316975 -0.0193337873050862 -0.007168900426221 0.0743268275105767 0.997020729096107
1645258874.14811 4.45708276676048 1.44389364216368 0.0130517210989218 -0.0125500910969524 -0.00495621129500099 0.0734850675176404 0.997205032094697
1645258874.64759 4.39789658688236 1.45386945918264 0.0209829650267144 -0.00461739344789469 -0.00674744888346473 0.00165618818316951 0.999965203720617
1645258875.3469 4.33567954332804 1.47135768600086 0.0133047465161855 -0.00703290285307427 -0.002170539732639 -0.00936521309330585 0.999929057392796
1645258876.04595 4.31267982318741 1.4803085315817 0.0102689977754132 0.00696262627402329 -0.0032193357030724 0.102092155764853 0.994745369149454
1645258876.54932 4.30323389089563 1.49973380927525 0.0185352047929862 -0.0153438830999262 -0.00679181553246684 0.178142730859982 0.983861577629158
1645258877.04721 4.26738813851976 1.50306690295441 0.0163481794343731 -0.0199823014920011 -0.0115144306814102 0.175163776779675 0.984269158725115
1645258877.24813 4.24374737891583 1.5004002651737 0.0145517910299602 -0.0135771790502463 -0.00989582041271407 0.170536321541206 0.985208148556736
1645258877.8499 4.13666359428737 1.48606757093345 0.0118477262427475 -0.0151485422595462 -0.00929531923800042 0.170484531360565 0.985200052412931
1645258878.54834 3.99087234053683 1.46390198837627 0.0132886991814672 -0.0167036136756307 -0.0107460389639301 0.170874387997087 0.985092612632631
1645258879.24846 3.82974144193338 1.44452117908387 0.0133291918699947 -0.0105440217948915 -0.00669761780917921 0.166472398266323 0.985966990388385
1645258879.74726 3.71896344190756 1.43339379230297 0.0230257670411742 -0.0162013513129736 -0.0105340234982377 0.168447806416543 0.985521124622921
1645258880.04759 3.65546489231462 1.42378726762918 0.0263965637062129 -0.0104607708811323 -0.00701282929790054 0.16619993171158 0.986011650639523
1645258881.3483 3.35905469717271 1.38058875771405 0.00632485956260142 -0.0184692676138314 -0.0124668453296302 0.164995875662461 0.986042506657656
1645258881.8494 3.25331339087773 1.37575022897973 0.00322817518403396 -0.0112179963716987 -0.0103733709424068 0.160781236324389 0.986871797032774
1645258882.05009 3.21287325905808 1.37262098676097 0.00841641112486534 -0.0141003132162076 -0.0108945442115788 0.165017725131671 0.986129626603924
1645258882.64789 3.08988762040766 1.35528857215677 0.00925658679662332 -0.00740738328425723 -0.00881426591788293 0.158897346974879 0.987227973931834
1645258882.84854 3.04444155300439 1.34695603254901 0.0104938160015482 -0.0146375107331641 -0.0108079390170202 0.164048953396094 0.986284377156704
1645258883.24768 2.95212180419313 1.33242157848092 0.0140962759195059 -0.0135211466207534 -0.0106605975705569 0.163610942630677 0.986374670044299
1645258883.44844 2.90596552534033 1.32405416055102 0.00864171430000695 -0.00776866284152124 -0.00642600710054573 0.157465538434642 0.987473016601409
1645258883.94789 2.79881141499879 1.30681427185112 0.0104703809117538 -0.0058534676581506 -0.00519477093523872 0.16009829431891 0.987070051935262
1645258884.24937 2.72643767933795 1.29019214326647 0.0278107667758624 -0.0058411069886217 -0.00665912103210355 0.156613490982145 0.98762024686547
1645258884.7482 2.61802712110577 1.27662409500704 0.0231266184280696 -0.00542322995894185 -0.00554288845822952 0.160841025015833 0.986949861764116
1645258885.04772 2.54703118949089 1.25814983305068 0.0122683439477913 -0.0071223694303693 -0.00845418530630247 0.15550694165866 0.987772944405988
1645258886.95068 2.0792142803827 1.17788608529741 -0.00791653269967912 -0.00543715966453391 -0.00866265453845378 0.153188919249403 0.988143992913143
1645258887.44892 1.94995510685649 1.15400043643297 -0.00771687516290636 -0.00765061321242411 -0.00575099807620043 0.153756972172196 0.988062339959903
1645258887.84708 1.84483470103072 1.13695871320536 -0.000768503080505362 -0.00784872627646768 -0.00500982018409088 0.153694547817147 0.988074534217355
1645258888.44922 1.68379517912175 1.11206247789285 0.00694025123557597 -0.0090434305495041 -0.00698516286949762 0.150981967001015 0.988470469717779
1645258888.94959 1.55884160736968 1.09169868714671 0.0189334010860311 -0.0100195226332245 -0.00880829241100307 0.148394265023641 0.98883829075289
1645258889.448 1.45288783386439 1.08687060024486 0.0140524764291497 -0.0111350450507399 -0.00746229072097088 0.153248985697664 0.9880966923189
1645258889.94692 1.35900487617682 1.08079028045589 0.000339244210637294 -0.0165033136099072 -0.0116172940592038 0.19098934093098 0.981384608993531
1645258890.64703 1.24285120605051 1.06907751196048 -0.00709727413381398 -0.019139323207455 -0.0127986493568222 0.20943290863914 0.97755191046857
1645258892.24662 0.860037437238677 0.954126845887088 0.00867960854186923 -0.0084636689788999 -0.0106856722910465 0.205336049228137 0.978596591861265
1645258892.54988 0.783718219885871 0.931583235634035 0.00715911508408379 -0.00437191258724321 -0.00703597694038631 0.202272753315752 0.979294192096986
1645258893.34679 0.590243033927975 0.872507638845033 0.0059043916626258 -0.00554467650260024 -0.00861497980202605 0.204646167089462 0.97878239919866
1645258893.6471 0.52189152705335 0.851343637808823 -0.00145830643080984 -0.00573278199615948 -0.0116957338939441 0.199566042049717 0.97979780561087
1645258893.84798 0.471397184133084 0.843176429824737 -0.010848577123213 -0.0155516900198516 -0.0143430326162468 0.204522965598691 0.978633117616409
1645258894.2482 0.379288964543044 0.824668590221053 -0.0160325895977836 -0.0164056158701854 -0.0136166919852841 0.203862778357608 0.978767290558698
1645258894.64821 0.287021332343989 0.805152478442885 -0.0234529450609793 -0.0178719933057013 -0.0119326914895827 0.203755347167245 0.978785962930533
1645258895.0481 0.191132613663363 0.785921694050976 -0.0218825470828321 -0.0168046489696469 -0.0105925250046049 0.202796986801174 0.979019297221152
1645258895.54809 0.0794184296786515 0.765527307550688 -0.0196134168946184 -0.00863676820178999 -0.00753507175971915 0.199174505292986 0.979897007531862
1645258895.84813 0.018573855867214 0.744260011774189 -0.0224439800114995 -0.0099520011365308 -0.00691827220066652 0.201344133816035 0.979445575292985
1645258896.04728 -0.0211283079779349 0.733013926026356 -0.0164010096702448 -0.00643342629387026 -0.00612665874879373 0.201449088126438 0.979458697430231
1645258896.44706 -0.107149801769609 0.710581776308398 -0.0134905772718671 -0.00543101765596379 -0.0053612673351869 0.201912413210431 0.979373850095724
1645258896.74693 -0.172858967680191 0.688759978453649 -0.000738254330498586 -0.00943104192637524 -0.00868554462914453 0.198645634006262 0.979987514641349
