0.999987692680806 -3.12233466433494e-05 -0.00496120066308682 -3.99040436261127e-05 9.25943463401144e-12 0.999980196490506 -0.0062933796015339 5.49747908233163e-05 0.00496129891427524 0.0062933021468564 0.999967889415041 1.12831347619922e-05
0.99998658080925 0.000326911833430991 -0.00517023501198416 -0.00224754809458048 -0.000360235982734183 0.999979160944844 -0.00644576652401778 0.00150764988004301 0.00516802007181935 0.00644754253173777 0.999965859799143 0.000140266043552748
0.999986695058654 0.000375305786741607 -0.00514478874556994 -0.00345019846279748 -0.000408787093561664 0.999978737211534 -0.00650830376818479 0.00187133285881841 0.00514223674894906 0.00651032029882319 0.99996558597325 -0.000911456138175433
0.999986752082996 0.000491271514755711 -0.00512389605661488 -0.00223052095678604 -0.000524435151906352 0.999978912308502 -0.00647301367805865 0.00222135473243053 0.00512060799824092 0.00647561507531748 0.999965922310918 -0.00122087083412373
0.999986144667892 0.000301693472822155 -0.00525542132422708 -0.00364184928182611 -0.000335436268426096 0.999979329733307 -0.00642087132995875 0.00134692106594988 0.00525337555829665 0.00642254522557205 0.999965575886525 -0.000551522605866611
0.999986059091175 0.000575446793227533 -0.00524885552177799 -0.00416345302071313 -0.000609485965791451 0.999978781411968 -0.00648577309907494 0.00112047859666114 0.00524501193114357 0.00648888178528049 0.999965191525695 -0.00103336009318051
0.999985830956832 0.000546260972173022 -0.00529523224455745 -0.00407503046151744 -0.000581073139115868 0.999978216022805 -0.00657493983664239 0.00176631692529921 0.00529152526031185 0.00657792359325871 0.999964364705873 -0.000876159187220474
0.999997556216267 0.00207072361189974 -0.000774380537839242 0.00408757930556348 -0.00206647112597777 0.999982999663614 0.00545252976567656 0.0114120326304927 0.000785658055239981 -0.00545091620585105 0.99998483501198 -0.0281906582660046
0.99992408396254 0.00954428502045361 -0.00779313384486088 0.00678587039851264 -0.00934799700952342 0.999647565236323 0.0248467355803709 0.0288005273158107 0.00802753159978287 -0.0247719991227853 0.999660895902143 -0.0131866874418231
0.999902150981212 0.0129204785710753 -0.00536187435883515 0.00533567216156621 -0.0127872730405552 0.999625954861338 0.0241751114939472 0.0388972058261056 0.00567222278580801 -0.0241041822315728 0.999693360129803 -0.0127903649828412
0.999927972552256 0.0112726155774239 -0.00412041813156937 0.014010520986307 -0.0111401977567958 0.999461665642959 0.030858951766735 0.0387003354097835 0.00446606106931244 -0.0308108268023728 0.999515256136833 -0.00498254068782654
0.999834490503426 0.0169725243366289 -0.00655171865978333 0.00617373907837397 -0.0167856269944832 0.999478143663175 0.0275986062332199 0.0502314201856353 0.00701671761983398 -0.0274840636962002 0.99959761500145 -0.0126622382796389
0.999877733935819 0.0148670305907833 -0.00484650191217832 0.0122934005771686 -0.0147151263665533 0.999441541277931 0.0300011770437396 0.052358821716435 0.00528982375778272 -0.0299261920298282 0.999538113728139 -0.00465366135006939
0.999977418955154 -0.00471919809220697 -0.00478442777723801 0.00764883994943304 0.00483241698841549 0.999701829185821 0.0239353393243851 0.0627890720332501 0.00467004559283632 -0.023957919189485 0.999702060007016 -0.0108983924857365
0.999968053190012 -0.00217934556405727 -0.00769045202110302 0.00403596773633485 0.00232176561346157 0.999825071142918 0.0185590010101435 0.0598546720409892 0.00764866026259574 -0.0185762635363192 0.99979818985094 -0.00922618231391779
0.999736866016156 -0.0210590577025842 -0.00909476865422136 0.00216722521811828 0.0213022039681753 0.999394218871341 0.027521108128861 0.0694554790222976 0.00850969061087637 -0.0277076050069548 0.999579848631657 0.00282766313636379
0.992775373035553 -0.119840012629369 -0.00595231611316706 0.00891033965975028 0.119854882860589 0.992788969889086 0.00220642721217198 0.0696952238048071 0.00564497551747286 -0.00290390074913267 0.999979850602924 -0.0157189395523656
0.99062554368429 -0.136385790271304 -0.00774263600315245 0.00259246291460483 0.13653406139385 0.990348018352334 0.0238590155896101 0.0837642967069511 0.00441387352626112 -0.0246924838296341 0.999685349979091 -0.0201788887626527
0.991984484463918 -0.125822875772524 -0.0116355711156398 -0.00157287590335127 0.126063385970501 0.991756130430707 0.0229739084781543 0.0807193412744979 0.00864900575254212 -0.0242565802503612 0.999668351511665 -0.0131840937084555
0.990897515018093 -0.134349141603035 -0.00851016342352861 -0.00169898838876487 0.134531406273118 0.990548815543265 0.0267272286631611 0.092532296415564 0.00483895207093216 -0.0276288287186281 0.999606538777379 -0.0185644150025253
0.992051543098835 -0.125351642143916 -0.0109864301319771 -0.00221198484436821 0.125567098824945 0.991845431854632 0.0218069484748836 0.0869725465142649 0.00816330373731716 -0.0230131510429003 0.999701833223871 -0.0135088039807083
0.991085444309591 -0.13297558028103 -0.00819372482968316 -0.00156971871998283 0.133149241204046 0.990737630000542 0.0266501044593921 0.09795275026202 0.00457401841359916 -0.0275035188627407 0.999611241836405 -0.0165574372059709
0.99188064764569 -0.126859627404196 -0.00891155210016958 0.0115220494181447 0.127018740551815 0.991690040303492 0.0204231121890999 0.0961296751464606 0.00624662905864052 -0.0213892238691905 0.999751709539762 -0.0173076976335643
0.991466836084779 -0.130083906253911 -0.00846701114692342 0.0458507699504168 0.130252199841752 0.991192139810532 0.0239271062647305 0.105415318843563 0.00527990344825007 -0.024825779172928 0.99967784976363 -0.0256566748267991
0.992265052855909 -0.124136386625457 0.000471589264822918 0.109682062043094 0.124099012682006 0.992046317506276 0.021060364991811 0.118646313187912 -0.00308219600463976 -0.0208389404196082 0.999778094694006 -0.0237377088761879
0.993138697894483 -0.116923634394604 0.00209534350612862 0.157054649068085 0.11681407327246 0.992728750542679 0.0290534013751988 0.137605462906635 -0.00547713702111019 -0.0286092916013148 0.999575664671826 -0.0321576491243179
0.993773540652543 -0.111284556325934 0.00546785353203483 0.259311528278309 0.111044654871817 0.993261421820598 0.0331787966527317 0.164294500588208 -0.00912329563846334 -0.0323650343158215 0.999434475106012 -0.0154218942171822
0.993843150672585 -0.110784109371559 -0.00163492260959806 0.313255490136933 0.110781741186859 0.993367349573659 0.0308012113497562 0.177628402351672 -0.00178820602749343 -0.0307926925057709 0.999524193007577 0.0146779475488797
0.994699892370772 -0.102704900008314 -0.00488135553473386 0.413677067828668 0.102813847811307 0.994064255838927 0.0355748220182945 0.209576611161501 0.00119867251891796 -0.0358881425777679 0.999355094251543 0.0235072478407201
0.995917164960197 -0.0902612812475347 -0.00137900152167343 0.455240489316377 0.0902697636565747 0.995675351775394 0.0219536702245994 0.220397446990666 -0.000608528577367198 -0.0219885191519977 0.999758038086452 0.0065436583698884
0.99632822645465 -0.0854461563005312 -0.00538697904175636 0.527076275420403 0.0855795828167 0.995763373416868 0.0336368721253581 0.239433948637373 0.00249001499006095 -0.0339743805671757 0.999419602214418 0.00944436916496626
0.996420232982972 -0.0841691008912846 -0.00789187920031808 0.600341529917697 0.0844086795495864 0.995715174153171 0.0377685951263233 0.264782895090192 0.00467911517863092 -0.0382995354576743 0.999255348479492 0.00247791751634646
0.997624246689688 -0.0688705069480505 -0.00164793493507072 0.656960518431512 0.068890055140543 0.997388725982869 0.0216769367070577 0.27905469084038 0.000150730105296974 -0.0217389639814635 0.999763669436657 -0.010646816181274
0.998813681051736 -0.0486067003696159 -0.00293585133484582 0.716982514929413 0.0486662921384913 0.998483257402747 0.0257444498075126 0.301441927197671 0.00168004564609268 -0.0258567856776301 0.999664245675041 -0.0134886948636466
0.999304066738349 -0.0372826141940479 -0.00117850712971962 0.797038914056317 0.0372984448193619 0.999116945299528 0.019343102889572 0.31681659957915 0.0004563050011115 -0.0193735978640346 0.999812210113254 -0.0254014739419673
0.999635343834526 -0.0269628627462459 0.00147762964093941 0.927821591885792 0.0269332148659324 0.999486736481254 0.0173454759242084 0.335952759615622 -0.00194455491416324 -0.0172993534728579 0.999848464056232 -0.0377735065437807
0.999749802144388 -0.0199696475391972 0.0100770178831546 1.09287074279785 0.0198319706473641 0.99971106554906 0.0135822810678155 0.353000275296135 -0.010345339651228 -0.0133790356873463 0.999856977448064 -0.0299405353926526
0.999791879027986 -0.0165310138540076 0.0119550914111068 1.16992645265811 0.0163264794955224 0.999722041109343 0.0170084269540713 0.374189838505802 -0.0122329349287731 -0.0168097025889307 0.999783871245131 -0.0225658780858343
0.999927191478915 -0.00914555341417648 0.00787214035937491 1.29894656600879 0.00902284315881068 0.999839392076318 0.0154847781318117 0.382618961262009 -0.00801249289676801 -0.0154126216202298 0.999849114142914 -0.00971461689587068
0.999988178172588 0.00177746430145709 0.00452594031396794 1.37934037558384 -0.00185786126109346 0.99983945317001 0.0178217910499774 0.392628205263908 -0.00449353609121845 -0.0178299889330188 0.999830935522624 -0.00407443812619422
0.999990303595711 -0.00407418506860076 -0.00167144565686147 1.40723369616148 0.00411403919954392 0.999689470636867 0.0245771637754574 0.393314248775486 0.00157079471022361 -0.0245838018582934 0.999696538600675 0.0107772311848659
0.999986580721162 0.00423834272965394 -0.0029790650387325 1.41930120405609 -0.00417187053718188 0.999749795700034 0.0219759298770572 0.401501203766789 0.00307146118647174 -0.021963206702263 0.999754061595918 -0.000777477875761825
0.999987051683738 -0.00314225616626995 -0.00400283537631707 1.4442396425145 0.00324528236238828 0.999656746303635 0.02599726354864 0.398354149297798 0.00391977132658635 -0.0260099172588959 0.999653999940446 0.0168464452488104
0.999977734835837 0.0041779613073676 -0.0052033135503731 1.5109855945367 -0.00404562311914998 0.999674510387836 0.0251894067897442 0.408273934868383 0.00530686029278671 -0.0251677952978713 0.999669154927608 0.0139684585259322
0.999911229606954 0.0118966601183017 -0.00600019865829359 1.59944990656628 -0.0117104170546677 0.999476063142795 0.0301739181576582 0.424641138149507 0.00635602378182507 -0.0301009747783841 0.999526654111373 -0.00482201222255183
0.998947329819079 -0.045864908375266 0.00080151547736504 1.76785971102019 0.0458410484121729 0.998763675957334 0.0192280490083178 0.446715743845235 -0.00168241725051143 -0.0191710659046885 0.999814802703117 -0.012761551952583
0.996896092847642 -0.0787284610545829 -9.73913936517731e-05 1.82496773796185 0.0787238797751774 0.996823124480705 0.0120917018516043 0.445735158444221 -0.000854879084990163 -0.0120618373601079 0.999926887957939 -0.0182972423037376
0.996175273620005 -0.0872574537817173 -0.00457831711881983 1.86549723836182 0.0873119991942608 0.996089493784382 0.0135031540417673 0.458556557197303 0.0033821627415627 -0.0138512501928801 0.999898346754951 -0.0101234626821481
0.99538049695931 -0.0957911770381712 -0.00645884468613489 1.90350127120895 0.0959013438611718 0.995195433186743 0.019722626850195 0.464557236069303 0.00453855909503908 -0.0202509300006811 0.99978462746506 -0.0102175672720321
0.995732501793694 -0.0922252886216463 -0.00335872153146233 1.9882401630637 0.0922638812874264 0.995634169754394 0.0141412951053731 0.476773710290035 0.0020398729008368 -0.0143908358385324 0.999894365801916 0.00640203334749092
0.996109996969545 -0.0880830918820898 0.00249857195687709 2.08423527202342 0.0880472481700065 0.996044321791552 0.0119746029786341 0.482275757373741 -0.0035434484646536 -0.011708029351601 0.99992518021184 0.0204342837531964
0.996769547293394 -0.0802780736111682 0.00242909155920624 2.14996724011606 0.0802253140040328 0.996630721932881 0.0170617435363246 0.494406031437933 -0.00379059117783672 -0.0168117517476563 0.999851487182821 0.0145280769113722
0.996247678042177 -0.0864885718761575 0.00320794800364171 2.27120189717968 0.0863690810175067 0.995886871919147 0.0273810186678341 0.510921173592344 -0.0055628985037214 -0.0270012087492328 0.999619922213597 0.0179459491477442
0.996231730876036 -0.0867154067573074 0.00166632129336855 2.3891790371639 0.0866576754282234 0.995993079449211 0.0220959946292092 0.533573369663172 -0.00357570763831309 -0.0218683314450848 0.999754465053642 0.0211147763961009
0.996225244078138 -0.0867664809942255 -0.00261549944244449 2.5359834690272 0.0868007877712642 0.996041143717608 0.0191745472960467 0.553477364021555 0.000941437062509855 -0.0193291954721114 0.99981273041438 0.01245220662161
0.997132676855108 -0.0755753280853661 -0.00384636614939044 2.59755871203048 0.0755926347754199 0.997128299087405 0.00457260612438183 0.550298695896509 0.00348974432815375 -0.00485025193655232 0.999982148210995 0.000857020458159646
0.996698650500448 -0.0811747234322618 -0.00156983001699118 2.6858724142064 0.0811838329853975 0.996674238981408 0.00704603524196633 0.557423486544593 0.000992649175454265 -0.00715021863496131 0.99997394417109 -0.000644742263446709
0.996569635197713 -0.0827502814788395 -0.00116323560364991 2.73178193732019 0.0827529442457951 0.996567042738103 0.00246567371821242 0.563812538611369 0.00095520707132001 -0.0025534767289291 0.999996283661117 -0.00242035533455574
0.996806489674419 -0.0798244714035541 -0.00220814585235473 2.77297652430425 0.0798195706281317 0.996806844325829 -0.00222514042791273 0.562876490213795 0.00237871555735369 0.00204178116516108 0.999995086408914 -0.00188801763024301
0.996372084109678 -0.0850824346665515 -0.00191031886052097 2.80607130494379 0.0850769785383822 0.996370514558197 -0.00277586775873488 0.56732309157116 0.00213956297325305 0.00260327298728553 0.999994322603902 -0.00165911365994028
0.99633739739024 -0.0854346516794104 -0.00356522847241757 2.87634419004463 0.0853992241171687 0.9963050279928 -0.00912489542144823 0.570342569270068 0.00433163731495519 0.00878700681031895 0.999952011563298 0.00425088683387774
0.997192391705236 -0.0745665025159395 -0.00686808763275572 2.90266317427502 0.0744243788771903 0.9970449784581 -0.0190347776512259 0.566747627761671 0.00826714908146975 0.0184701822954614 0.999795232341121 0.00809778571626862
0.997106880703076 -0.075924423140912 -0.003653823381374 2.94646118138108 0.0758284842556675 0.99688674578369 -0.0216068752088956 0.576277494860696 0.00528293763643936 0.021267300052535 0.999759867427376 0.00176226107104055
0.996293808809978 -0.0860146452522743 -0.00035683193865124 2.98251057543467 0.0859900809335997 0.996092762446028 -0.0201224894999077 0.568509553684305 0.00208626650742726 0.0200172276993175 0.999797458532124 0.00866200977509323
0.99612736558813 -0.0879152651013257 0.00108521362664931 3.04912802174079 0.0879168828755174 0.995861256271075 -0.0230430024877243 0.565949276553371 0.000945109466881316 0.0230491739626465 0.999733885765475 0.0151430228984503
0.995641962959837 -0.0931556427102045 0.00437124979046535 3.12793499860121 0.0932449648734588 0.995195084872364 -0.0298683707562916 0.5610975054008 -0.00156783903171145 0.0301458003233714 0.99954428246258 0.0142567121899804
0.996017313647199 -0.0890633967828974 -0.00414997210956306 3.18131576926213 0.0888455577310602 0.995334440704831 -0.0376273573116556 0.552101857858978 0.00748183042275243 0.037108792762556 0.999283222971962 0.0154340352507267
0.995117334431589 -0.0986879812017626 -0.00147413706636746 3.29826589866365 0.0985688585193848 0.994461159302147 -0.0364853774766667 0.52827774496749 0.00506664030254654 0.0361619275723779 0.99933309969714 0.00999643778663362
0.994571842609659 -0.103981433116473 -0.00383555146908212 3.33058717003978 0.103745421007313 0.993794345678134 -0.0401208937859587 0.520225200085731 0.00798357739630905 0.0395051903578922 0.999187471111775 0.0082034145387361
0.985791416898294 -0.167972669853177 -0.000681580552021749 3.42438214331323 0.167845864336541 0.985189500355967 -0.035063003486289 0.505797323210968 0.00656111231216187 0.0344504074105896 0.999384871425654 0.0047236589344643
0.981749158293843 -0.190173957811816 -0.00156715012694066 3.47895770485181 0.189944090086564 0.980906585203058 -0.0417554037995422 0.487216192479198 0.00947801828010741 0.0406956616295293 0.999126633762716 0.00907640870125226
0.971368854554313 -0.237572167192741 0.00141907617357951 3.58954881001364 0.237528802197435 0.971037329005568 -0.0258180906417291 0.462051138845299 0.00475568380928611 0.0254159605971731 0.999665650314358 0.00963448438659537
0.946093374824836 -0.32389394599525 -0.00019457692120352 3.68561331954425 0.323786155530092 0.94579367933123 -0.0252357211931352 0.442414761620921 0.00835772693949852 0.0238123473164805 0.999681509539755 0.0113625544646621
0.904338088297863 -0.426776571589572 0.00586344574614302 3.81021378071594 0.426675997306509 0.903601444893655 -0.0381054078654974 0.431688961696117 0.0109642772795889 0.0369619632642825 0.999256522568347 0.008226249815475
0.897990925633494 -0.439894457693846 0.0102549290654475 3.9153801929355 0.439895603657137 0.896964949975001 -0.0441105021448088 0.435452581429602 0.0102056534834076 0.0441219288628813 0.998974023701515 0.0130576706549679
0.892775319783052 -0.450414243517972 0.00890155168509018 3.9943420067315 0.450469056785086 0.89229570132196 -0.0297659248387369 0.449215141750361 0.00546418021515124 0.0305841566580479 0.999517259528865 0.0267158366081371
0.891517817933371 -0.452889951939833 0.00930976580029173 4.03856489332653 0.452804677812782 0.890392611042428 -0.0465716861613414 0.454209736821051 0.0128025020282516 0.0457349935277504 0.998871566473305 0.0248175124458828
0.890193534691772 -0.455535246934826 0.00656578959425285 4.10894525678632 0.455339325952425 0.88915497981833 -0.0454919784737553 0.462048959664966 0.0148851951334266 0.0434863273258668 0.998943126660145 0.026258188238064
0.88605439409712 -0.463448834098697 0.0110810141117203 4.16094382990976 0.463560375365779 0.885534229649625 -0.0306741994122665 0.476227101844803 0.00440330465936694 0.0323157282357126 0.999468010802083 0.0366031402659829
0.884138224341842 -0.467194245302088 0.00539790832329651 4.22525825724924 0.466989622340028 0.883266023312935 -0.0419740954360213 0.486062092278013 0.0148422668205439 0.0396316693764813 0.999104117646435 0.0187136410239006
0.882864791407804 -0.469618393262795 0.00288527324957708 4.2749991422277 0.469486517493777 0.882433155345376 -0.0299021109417003 0.495900328179119 0.0114965205179492 0.0277541178291592 0.999548667629298 0.0171366367725139
0.880285213416864 -0.474413385812691 0.00546647979653904 4.35431980268236 0.474243507617524 0.879517524104398 -0.0392685660025643 0.516967769663924 0.0138216685770669 0.0371599805571725 0.999213739558627 0.0176039019968241
0.878412060081029 -0.477882260272509 0.00456048473749332 4.42128024140911 0.477698723719184 0.877715056631123 -0.0376856566890868 0.530750635182223 0.0140065006788003 0.0352820730664086 0.999279236879698 0.0150300066927285
0.874796023995991 -0.484471922074002 0.0043443207442004 4.50122125230298 0.484268617873737 0.87408672443936 -0.0381615500409943 0.558679629503992 0.0146908864084716 0.03548739044778 0.999262139268641 0.0120434943831586
0.870884413962893 -0.491382259122115 0.0101888633592954 4.61951471506545 0.491381934478816 0.870079147935271 -0.0388081279642539 0.609286850567131 0.0102045080412906 0.0388040171667771 0.999194733906938 0.00151627017078017
0.865410077472976 -0.500806256240981 0.0160776714144263 4.7341943440731 0.501060302099476 0.864829999769032 -0.0317434270279455 0.65725963832746 0.00199285428449932 0.0355269645394806 0.999366731146485 0.0170007659637244
0.870203191287457 -0.492416621254487 0.0165008177203361 4.81411514775347 0.492692752741992 0.869749039242531 -0.0281151228382968 0.689240665676373 -0.000507216564789449 0.0325957029224509 0.999468490189835 0.0168852239725784
0.862837953900188 -0.505222537282009 0.0161509483209324 4.88546193529381 0.505478109752957 0.862493962759416 -0.0244140280195042 0.725075864899997 -0.0015955782383555 0.0292293008107934 0.999571459228502 0.0249262042023378
0.860445691250847 -0.509439625808306 0.0102215490091055 5.01865636725664 0.509542102535776 0.860262956040838 -0.0177339281406853 0.786942712787368 0.000241145750212738 0.0204673916308769 0.999790491917459 0.0308711007426934
0.861827981378753 -0.507137130931343 -0.00802875727301404 5.1179874948649 0.50698510503835 0.861815215464113 -0.0155125002432989 0.839130232669741 0.01478627004611 0.00929864642143326 0.999847439059006 0.0324379596725278
0.859186577029271 -0.511494587214599 -0.0131039346339628 5.11820753885239 0.511390404873049 0.859283130654154 -0.0105997724963914 0.845261028893693 0.0166817162337693 0.00240595581057135 0.999857955771785 0.0320884128224938
0.859634045092842 -0.510523561912528 -0.0198746383479623 5.11513464116777 0.510563391458097 0.859833400148118 -0.00339813074080982 0.845886739705662 0.0188237036770853 -0.00722611388446209 0.999796705064588 0.0264704348902564
0.858781731640383 -0.511870176875878 -0.0219740625693838 5.10924105371292 0.512026545487543 0.858967786690504 0.001777116796799 0.848462983424901 0.0179653588007157 -0.012777458787811 0.999756961681231 0.0254112175195961
0.845893699334411 -0.532422508090208 -0.0314662089435106 5.10489776371419 0.532914087651266 0.846116670919069 0.00944215948026644 0.850462495074073 0.0215968657254558 -0.0247558492434431 0.99946021597614 0.0264474300454877
0.835637404261864 -0.548573696264784 -0.027875228517208 5.1041911979793 0.548910730011481 0.835861602530237 0.00569138769080571 0.851074285144665 0.0201776875968689 -0.0200569484712103 0.999595207942328 0.0261098037471832
0.813380427722884 -0.580863497188266 -0.0317785687461898 5.09673438335532 0.581357717052635 0.813602788922074 0.00858525955175606 0.859785461158405 0.0208682682723499 -0.0254577982638044 0.999458061094548 0.0268390865329666
0.781037284641785 -0.623505647003309 -0.0349495086427911 5.08770975619883 0.62411140008119 0.781281419517775 0.00918171035196558 0.869515405854574 0.0215805534702893 -0.0289836448928685 0.999346900751005 0.0270424416011441
0.752014219256796 -0.657760710266447 -0.0427254264504261 5.07557000106351 0.658828538848629 0.75208461661512 0.0177111786583686 0.874730137913637 0.0204834185177017 -0.0414677884709095 0.998929853435746 0.0214009460018064
0.736300022679186 -0.675806642879022 -0.0338771020486689 5.07505615968971 0.676414377258942 0.736450565528732 0.0102056244203108 0.880008902177398 0.0180517821842424 -0.0304293603777181 0.999373897591375 0.0217711561066592
0.715557481437659 -0.697458826344783 -0.0390982904019129 5.06695141702952 0.698181496899185 0.715882214739971 0.0074331693514829 0.881718854433927 0.0228054411535607 -0.0326165628592533 0.999207721988296 0.0245657729311756
0.698172403428212 -0.715105178356881 -0.0343493664926699 5.06477652449015 0.715667492167875 0.698411316082597 0.00645555744453298 0.885716908383946 0.0193735837009832 -0.0290898170318828 0.999389036761777 0.0244545823630576
0.668538850509105 -0.742754319963746 -0.0370381632260243 5.05362380964358 0.743411232960084 0.668802302858149 0.00657407030725768 0.886648501297797 0.01988828973874 -0.0319296079968157 0.999292227561306 0.0237547132803822
0.614811737589898 -0.787605975883316 -0.041028698182849 5.04102538452317 0.788415207867183 0.615110181854415 0.00639720116741781 0.897699915900773 0.0201986961321161 -0.036280723971803 0.999137488908631 0.0284241982454018
0.524974517079271 -0.850036721718271 -0.0428873891469434 5.02205094775671 0.850855704045565 0.525396834133469 0.00165456207296793 0.900198516598375 0.0211264599616691 -0.0373595826125326 0.999078542596379 0.0292342549883907
0.384798152267832 -0.922482728905472 -0.0309191992518384 5.0101465563819 0.922807973247424 0.385186477617329 -0.00753803500504461 0.896865162400268 0.0188633645526025 -0.0256318616543508 0.999493462282715 0.0229177643771884
0.280934791522289 -0.958955211289951 -0.0384778592462413 4.99696764150391 0.95955454060452 0.281418225100341 -0.00767243029437177 0.899659074578693 0.0181858878687847 -0.0347661519472538 0.999229997628776 0.0237968829879793
0.200180986961913 -0.978739029111983 -0.0446932360865419 4.98357749669289 0.979557686683917 0.20085606103919 -0.0111167082481308 0.903631514137314 0.0198572635931341 -0.0415542493224726 0.998938903760304 0.0238016483751901
0.110726705903994 -0.992547844646905 -0.0508760521899489 4.9695193423284 0.993557076662764 0.111793503242342 -0.0186158009805379 0.901642275364307 0.0241646852450632 -0.0484869953656485 0.998531461330798 0.0241136460538592
-0.0484756430088905 -0.997795426560154 -0.0453254759546421 4.93976511265551 0.998733754003845 -0.0478100834607707 -0.0156551759128405 0.896528170879194 0.0134536481395363 -0.0460269774709829 0.99884959663436 0.0216419383340194
-0.253908941901256 -0.966236055180348 -0.0437965168946565 4.90478564100352 0.967189417479788 -0.253233257940553 -0.0204339860996525 0.882401720502234 0.00865331946085601 -0.0475478994523743 0.998831475935743 0.0208520840548535
-0.390166576526982 -0.919705392900673 -0.0437267976260979 4.88817359009114 0.920660860516755 -0.389051742751259 -0.0319737607227707 0.87379263780161 0.012394453346683 -0.0527326438899817 0.998531745010948 0.0268354155520542
-0.494920752100438 -0.867998556220465 -0.0403974694693397 4.87146253053908 0.86887156909987 -0.493772383806263 -0.0353698939807608 0.861704245487105 0.0107538621093547 -0.0526055072161601 0.998557467079519 0.0273589583475471
-0.568418054126003 -0.821670009032473 -0.0419441533492437 4.86678650468762 0.82269284085217 -0.567101266189349 -0.0396565694056278 0.846085341372613 0.00879803126812271 -0.0570486646908881 0.998332632193695 0.0242534677770788
-0.707107390839327 -0.705980580777868 -0.0398817926495862 4.84941245955036 0.707012242586044 -0.704968738086722 -0.0561495071560614 0.827401075634796 0.0115250446356121 -0.0679006471615722 0.997625518649752 0.0298255831403089
-0.784855625314413 -0.618726142392228 -0.0343454237527167 4.84447757805138 0.619593356373015 -0.782621691174522 -0.0600613123528999 0.810939277259311 0.0102820304776677 -0.0684196552429388 0.997603644051932 0.0246995021742935
-0.851258768811816 -0.523974420415408 -0.0284484669416037 4.83905197997878 0.524719667831791 -0.849419467397404 -0.0561768510759167 0.791658260574709 0.0052705513454565 -0.0627485072065317 0.998015453854231 0.0219405822790787
-0.905128797525774 -0.424668561198838 -0.0199617889692945 4.83885762733143 0.425128062679563 -0.903798324011762 -0.0491397988991707 0.777002272505842 0.00282669628138619 -0.0529641637603992 0.998592412921956 0.02290949202067
-0.946659460339795 -0.321823032325951 -0.0163034356409026 4.84271018462652 0.322235133264171 -0.945542716180842 -0.045972717644041 0.76303952499153 -0.000620515422508489 -0.0487740478316717 0.998809645137012 0.0196145687037945
-0.971063300880464 -0.23850089065675 -0.0123851055334687 4.84513582350357 0.238803383287144 -0.970331842371834 -0.0378029074264884 0.756138975043048 -0.00300163517962812 -0.039666621172205 0.999208461408844 0.0207173617405026
-0.994289675948732 -0.106685175648251 -0.00251268753863093 4.85950161942816 0.106713933252172 -0.993913541408127 -0.0273497468983883 0.756853167538508 0.000420418381817012 -0.0274617097511594 0.999622767720867 0.020640593270341
-0.998816421254671 0.0484038251918813 -0.0047776917864163 4.8688381401277 -0.0481334813445775 -0.997780216958895 -0.0460196329745415 0.751868782516096 -0.00699461261710743 -0.0457351981766134 0.998929110118472 0.0135856150694321
-0.984410714836921 0.175881806005598 -0.00106528422042536 4.87183939316319 -0.175691491624073 -0.983593507948916 -0.0409427758176503 0.743384280548087 -0.00824889599702148 -0.0401173458363709 0.999160925115607 0.0133224166975208
-0.961073722559154 0.276267259546314 0.00370150091991952 4.87027104145692 -0.276052017355535 -0.959594258108773 -0.0545357086560131 0.733940488376838 -0.0115144917486738 -0.0534346433266231 0.998504960114033 0.0206669714503567
-0.98559885407327 0.169095064389351 -0.00132591425750563 4.87244948274939 -0.169000495634248 -0.985256386842777 -0.0266211318484862 0.734215416485545 -0.00580786749465049 -0.0260136768773145 0.999644715531717 0.0183314274025515
-0.999666963201855 -0.024510905644376 -0.0080733008908485 4.88278724581227 0.0246565772204973 -0.999525390972495 -0.0184674308188794 0.739558507070705 -0.00761681577506835 -0.018660340451689 0.999796867274386 0.0231615657070799
-0.99826786657083 -0.0584224608975969 -0.00693416431818168 4.87846109348429 0.0585306766915434 -0.998147728064378 -0.0165913485271935 0.739411022041935 -0.00595201294964975 -0.0169684714276081 0.999838309187669 0.0208569159915039
-0.99472928637014 -0.102110420969004 -0.00933320775968466 4.88165801677525 0.102271801917008 -0.994577725252769 -0.0188580742303061 0.739449493751677 -0.00735699464461738 -0.0197132026966763 0.999778607627328 0.0218618649535599
-0.987526109447511 -0.157077627763947 -0.010899633732965 4.88144098932276 0.157260427734489 -0.987380983540889 -0.0186534503669739 0.738000099467322 -0.00783205134223363 -0.0201348503316653 0.999766596148268 0.0222817020973565
-0.979234035630116 -0.202399021385601 -0.0116335551619998 4.8819495571618 0.202642805214244 -0.978897435907072 -0.0263761913372942 0.739900563962227 -0.00604954200401734 -0.028185920540413 0.999584392097451 0.0251656176103329
-0.965878132714916 -0.258820163328097 -0.0095684793966845 4.88320228644358 0.258972492014508 -0.965635474248863 -0.0219403566964809 0.734962007118333 -0.00356105643639802 -0.023669683711245 0.999713491431453 0.0202270992871275
-0.927439099237506 -0.373859806013054 -0.0092500082921341 4.88517056911034 0.373971881488181 -0.927237030687727 -0.0194041433100578 0.734613782927007 -0.00132252096888756 -0.0214554041977462 0.999768931588194 0.0225989605865142
-0.878597865679261 -0.477508229330348 -0.00718897389363118 4.88850522482777 0.477562143999537 -0.878511652887288 -0.0123156144714617 0.738582533091963 -0.000434790078474602 -0.0142536543749541 0.999898316977555 0.0225820849893003
-0.842605859417608 -0.538399700916135 -0.0118797192109183 4.89271790103982 0.538530416431898 -0.84242475116411 -0.0174793936901202 0.741663779177412 -0.000596869165201233 -0.0211258296761122 0.999776646590475 0.0243115448903964
-0.804590603435406 -0.59376082858121 -0.00905755518917833 4.89404698560736 0.593827730008353 -0.804535373375311 -0.0095634753607424 0.741945407557726 -0.00160870649168268 -0.0130733098488545 0.999913246553429 0.021618713920748
-0.752191656005243 -0.65891551371655 -0.00616915065018352 4.89769636831709 0.658921924277352 -0.75205573113657 -0.0152995088571776 0.745069753800728 0.0054415386355227 -0.0155731515209231 0.99986392404616 0.0222395578706759
-0.633231692357726 -0.77393241586849 -0.00679996042135201 4.9019318058874 0.773938281577412 -0.633118410928738 -0.0134392727508564 0.738515890145932 0.00609590869124117 -0.0137729231113775 0.999886566809554 0.0231529203763978
-0.541877850222723 -0.84039161892956 -0.0105034409101729 4.90787077613523 0.840430728120261 -0.541719142435784 -0.0147160439618163 0.738894955032781 0.00667732500682556 -0.0168017127577169 0.999836544530735 0.0250591131931879
-0.462573086888272 -0.886576017812748 -0.0030172712748107 4.91227990101717 0.886500225214321 -0.462482202728591 -0.0150851865838268 0.739902723282812 0.0119787303840473 -0.00965281298901867 0.999881659607669 0.0282404739119092
-0.392519630754213 -0.919660842815003 -0.0123399216113598 4.91411185269689 0.919692176805885 -0.392320434811171 -0.0158422331641132 0.736956910178999 0.00972827809167575 -0.0175673168802653 0.999798354661078 0.0248412136442221
-0.273121797193687 -0.96195443292349 -0.00693922737324142 4.91595531418384 0.961915546838404 -0.273013393932936 -0.0134969434981774 0.742013932293286 0.0110889426125486 -0.0103612601582114 0.999884833188137 0.025277515520925
-0.141212993082259 -0.989975635229669 -0.00267062471405943 4.9198576496232 0.989803486856639 -0.141136580124736 -0.0192229851254394 0.733691399359289 0.0186533640716284 -0.00535792891960058 0.999811654566251 0.0215120667652038
0.0283152627553872 -0.999599008973792 -0.000259140323337895 4.92674836404191 0.999443405126329 0.0283154277029831 -0.0176384949325616 0.727737700141459 0.0176387597234682 0.000240442531462684 0.999844396065111 0.0211755825193879
0.114189316723836 -0.993394139351594 -0.01135270223557 4.92763461027784 0.993359726383995 0.114332001867591 -0.0128314982470806 0.728491574776943 0.0140447123309496 -0.00981209716906756 0.999853223630692 0.0191159077387244
0.283779641072586 -0.958870119469759 -0.00609994268524212 4.93093701486945 0.958722004332369 0.283843228535801 -0.0168860896390618 0.724637238276469 0.0179229942152467 -0.00105622082061542 0.999838812347239 0.0215038045741067
0.486198199104091 -0.873843862797447 -0.00286611918391342 4.92661686079239 0.873666522576469 0.486161244188085 -0.0188162689881006 0.72060890791321 0.0178358772444403 0.0066444037151733 0.999818850283486 0.0199222902375401
0.590558838001301 -0.806992948633329 -0.00162471986461175 4.92636256702245 0.80687761700074 0.590506321781652 -0.0158365122142408 0.721109178394264 0.0137393610390154 0.00804144215858378 0.999873274553455 0.0208981602211388
0.751080246536852 -0.66020925899513 0.00148243018170108 4.92173692784188 0.660057569113689 0.750855498619325 -0.0232384519461397 0.715225121732593 0.0142291502863053 0.0184324314789557 0.999728851615229 0.0220852448154523
0.872999844682058 -0.487694057889782 -0.00507711375691926 4.92233045492925 0.487606055392295 0.872973214550769 -0.0125738387799363 0.713614800000908 0.0105643707748568 0.0085013278901523 0.999908056520316 0.0178294578112582
0.93221430783413 -0.36188733653491 -0.00374698879140937 4.91573585426201 0.36170484421073 0.931990113247221 -0.0237494101805372 0.714556148934617 0.0120867673025514 0.0207842359758622 0.999710921012206 0.0264206366588056
0.980174164804273 -0.19810191366701 -0.00377338729987397 4.91013642799224 0.197947610809189 0.979889815314094 -0.0251533937798393 0.714236821534267 0.0086804392273881 0.0239077737394792 0.999676481832818 0.0244563252203718
0.999963096367771 0.00692826731980955 -0.00507986363245472 4.9114984587891 -0.00698534037478326 0.999911698910999 -0.0113048397055121 0.713171460908151 0.00500109212347661 0.0113399070923954 0.999923194842838 0.0237704489860408
0.989164501314975 0.146641494257939 -0.00706126759837851 4.90357667670637 -0.146753222041252 0.988982115972988 -0.0194387784107401 0.718084973890111 0.00413293585819598 0.0202644133245896 0.999786113323146 0.0229560811862868
0.974393649644803 0.224770096063127 -0.00595142400209906 4.9011163231608 -0.224839011441815 0.974257439006327 -0.0164274609936937 0.718195516900565 0.00210581712110002 0.0173449259613459 0.99984734788749 0.0209200872373155
0.950135251996908 0.311782259033047 -0.00590134434025635 4.90002044859853 -0.311838035639367 0.949977394594241 -0.017320198859072 0.722646969752164 0.000206012993777122 0.0182967951342979 0.999832578408235 0.0225813935449229
0.921243277073009 0.388915993777708 -0.0074279358964164 4.89704115629468 -0.388986794001231 0.921090410089366 -0.0167848304741793 0.7233366639719 0.000313911496691878 0.0183522812015416 0.999831533426643 0.0237892390613112
0.869392600711902 0.494039342881227 -0.00903512661121713 4.9010746683262 -0.494120571273977 0.869288079368113 -0.0135313012078025 0.729984768710075 0.00116913270168197 0.0162284550707348 0.99986762642599 0.0233980387392227
0.81319948152698 0.58184930806378 -0.0125692461966122 4.8923565525638 -0.581981514757772 0.812929539454848 -0.0210494741496811 0.729536031649781 -0.00202971044719182 0.024432490405804 0.999699421670369 0.023113632245329
0.771258443560531 0.636491850675856 -0.00620783857807246 4.89543104133122 -0.636508780548517 0.771142450023402 -0.0139962157937106 0.734303290224642 -0.0041213494425529 0.0147460433719655 0.999882777471262 0.0196673805743025
0.672805276010595 0.739813922939752 -0.00290172307463445 4.89531706753749 -0.739744457956196 0.672675848422811 -0.0168920061492322 0.734949534507951 -0.0105450223044681 0.0135115644225913 0.999853109277284 0.0208431097494366
0.606573387035934 0.794982577976171 -0.00845144094907396 4.89222708053955 -0.794948683122439 0.606329299506511 -0.020527341811462 0.737949167962607 -0.0111945228418014 0.0191698011023762 0.999753570328228 0.0256219888132588
0.513605567546448 0.857954514605277 -0.0111072883150803 4.89537270056059 -0.857982070769516 0.513404390406974 -0.0168136298548502 0.743470104921928 -0.00872279905439249 0.0181654281333228 0.999796944382903 0.0217314448131985
0.423311809115243 0.905912273447002 -0.0114046079136565 4.89009774704291 -0.905929283009273 0.423114258718998 -0.0163235490925497 0.743104508251544 -0.00996225124578789 0.0172417193677694 0.999801718673938 0.02310293996091
0.307452763885849 0.951534386140452 -0.00742360904588476 4.88988173990244 -0.951458251428768 0.30729350883576 -0.0172596412337603 0.744160150790088 -0.0141419152544357 0.0123697784830861 0.999823481827275 0.0218298234849925
0.230679453653625 0.973004108107129 -0.00707073325158356 4.88806403454942 -0.972915541827495 0.230534919011719 -0.0169999878462041 0.747283470537309 -0.0149110070946206 0.0108007741810627 0.999830488205133 0.0185262727062239
0.142398770086834 0.989809315928999 -0.00032920802395692 4.88994412663138 -0.989687118117842 0.142375947112163 -0.0157638166544644 0.750725633667353 -0.0155563012749778 0.00257056104396128 0.999875689126684 0.0185263201860097
0.0637610054577805 0.997934068854746 -0.00788215719355427 4.88890473786344 -0.997843744249338 0.0636280382911005 -0.0161038754865823 0.751039543501562 -0.0155690797889273 0.00889196053956944 0.999839255476744 0.0184571175061465
-0.102312989488889 0.99473972024965 -0.00499411048070183 4.8860401163221 -0.994528032692418 -0.102395228530271 -0.020717368635573 0.755564486938097 -0.0211197625648356 0.00284712695197216 0.999772898961221 0.0223373287237963
-0.194926162303427 0.980792910824005 -0.00700409359106263 4.88810806577319 -0.980568774830849 -0.195032625655964 -0.0211459867697929 0.76057686121802 -0.0221058606795961 0.00274608942223412 0.999751864172555 0.0206042607408367
-0.39599324002145 0.918143606699039 -0.0142011033020494 4.89206709474961 -0.918003160287116 -0.396199015189308 -0.017220280656525 0.754099928782738 -0.0214371537332251 0.0062175429795891 0.99975086426525 0.022404720042543
-0.544281320990899 0.838841283921464 -0.0101559839204507 4.89921774714519 -0.838717487246464 -0.544375657819467 -0.0144263564561783 0.753696544448766 -0.0176300937995085 0.000666004965221599 0.999844356002476 0.022585011910203
-0.610057229117891 0.792309007272444 -0.00875295355612863 4.89899379433183 -0.792081126737968 -0.610099007749697 -0.0196644198578458 0.755655639101187 -0.0209204652556316 -0.00506337217566476 0.999768321360353 0.0247348894793299
-0.699303418011854 0.714824334130673 -0.00094915308402331 4.89679993668049 -0.714717511664025 -0.69922070426844 -0.0164099129531837 0.749981636871348 -0.0123938725877712 -0.010797131887037 0.999864897806345 0.0194460042392959
-0.809259080246675 0.587442002866379 -0.00341090994336553 4.89714473195404 -0.587318530899697 -0.809185428317629 -0.0166098121674252 0.751300299328805 -0.0125173599503417 -0.0114383507007119 0.999856229581594 0.0198865480454884
-0.920282459212758 0.391190298037068 -0.00709549060944311 4.90423434162216 -0.391032300230817 -0.920219524654644 -0.0170225327309991 0.763054285425582 -0.0131884586481985 -0.0128909722694368 0.999829929234184 0.022296610559979
-0.980283663240712 0.197374251096536 -0.00934583262480716 4.91053761001854 -0.197229449311892 -0.980250345688653 -0.0144846160254416 0.765909024888736 -0.0120201459016579 -0.0123557590361032 0.999851414616764 0.0226306291564815
-0.980419287985189 0.196862333861083 -0.00482091831319344 4.91477042748314 -0.196686296039627 -0.980151313468163 -0.0248576679688132 0.76604091755427 -0.00961876794748373 -0.0234227285644244 0.999679376145057 0.0237983393203975
-0.979823827938234 0.199707612339407 -0.00788262508042149 4.91479421550908 -0.199456137693939 -0.9795834652722 -0.0251691021199748 0.765152269636826 -0.0127481504808277 -0.0230890480315318 0.999652129753304 0.0242775956386334
-0.980467005522523 0.19660254379345 -0.00564719891984591 4.91911040465859 -0.196330486887572 -0.98002287802479 -0.031772605598168 0.762387141127137 -0.0117809592217517 -0.0300432741549996 0.999479169706834 0.0245975569297221
-0.981939280000546 0.18913834622843 -0.00468362871969668 4.9193190663457 -0.188866540989563 -0.981388285246631 -0.0347341802165392 0.756533455972646 -0.0111660237617115 -0.0332222751576692 0.999385611436697 0.0210198706827271
-0.981864108762472 0.189582782990693 -0.00111369546141799 4.92516112965445 -0.189351058370791 -0.980922541193238 -0.0440130079960731 0.751578302225509 -0.00943655752581664 -0.0430039134556976 0.999030337281885 0.023567845008267
-0.981328624714928 0.192333107366239 -0.00145124979014593 4.91976139104088 -0.191941533691044 -0.979759537935676 -0.0568304097152341 0.7460595461714 -0.0123522451172501 -0.0554907526973471 0.998382791521191 0.0287780983109156
-0.981682095095221 0.190517060195202 0.00187455168921636 4.90790321770689 -0.190223825482634 -0.979522089329277 -0.0659649356458461 0.733920291588603 -0.0107312808280354 -0.0651131806210233 0.997820180854849 0.0318153950528379
-0.982281250577785 0.187341933856867 0.0051521434483272 4.8671806433381 -0.187237189730085 -0.979800414233573 -0.0702380455999327 0.711598963714594 -0.00811045900815644 -0.0699581881303924 0.997516953423945 0.030325500004761
-0.985160974189356 0.171502952521544 -0.00667773993741753 4.82569952233751 -0.170883288294114 -0.983747900813683 -0.0551268485083469 0.698784297928424 -0.0160236299280036 -0.0531677056215933 0.998457028801373 0.0182238272814412
-0.984762954513132 0.173872971824798 -0.00318010807672155 4.7685583203813 -0.173116133393402 -0.981885166783699 -0.0770215788533626 0.672458687986855 -0.0165144717591741 -0.0752974695388884 0.997024354418464 0.0238966224226355
-0.987177467552938 0.159178731107948 -0.0119490216599729 4.70332299102435 -0.158454501076879 -0.986234229831207 -0.0472674835137595 0.656218915347367 -0.0193085122224458 -0.0447680184072256 0.998810795838554 0.0138187697669995
-0.986471886828416 0.163845546724995 -0.00527762404611667 4.63829068272251 -0.16293281054817 -0.983506321687458 -0.0785379809244009 0.624461144433382 -0.0180586750360811 -0.0766156121113375 0.996897152286406 0.011318817657681
-0.987812289808247 0.154807116349072 -0.0161751918527493 4.49744158753324 -0.152977703305785 -0.98477065211866 -0.0826110465802091 0.574097239054667 -0.0287176321286374 -0.079129763385688 0.996450589919766 0.0116671631013848
-0.98927833426597 0.145222476540293 -0.0154534675543267 4.36798691543362 -0.143726594276973 -0.986894591196935 -0.0733602887383655 0.541429113453464 -0.0259045063548988 -0.0703526699830077 0.997185769241003 0.0130693609479146
-0.990663447231263 0.136092187453459 -0.0080530015524156 4.27759596207965 -0.13528230958156 -0.988641915162571 -0.0654664822482632 0.51736114986072 -0.0168710116516365 -0.063765822333094 0.997822273186981 0.013095351544799
-0.992418268311404 0.122729239700077 -0.00659654791797722 4.18318155656552 -0.122162424613038 -0.990885714562387 -0.0567612780762739 0.493264399315307 -0.0135026936000556 -0.0555250790078616 0.998365986433189 0.0151958789470456
-0.993315391388332 0.115188735886697 -0.00748921597167843 4.05315239640723 -0.114578992314656 -0.991770850136924 -0.057115981466136 0.466941399594437 -0.0140067037951028 -0.0558760766653018 0.998339459455194 0.0127905522375899
-0.993779842108333 0.11099176027487 -0.00908044989102053 3.88090625806266 -0.110119046666152 -0.991561926432644 -0.0684013275494097 0.419889374169732 -0.0165958121366623 -0.0669759300067538 0.997616561520134 0.0194868633276244
-0.994791277272626 0.101418161069528 -0.0102308976914845 3.72330445628754 -0.100477890260667 -0.992537738078085 -0.0690871338210312 0.388457350153404 -0.0171612421189077 -0.0676992990814154 0.997558167062363 0.0113816320890834
-0.99528139040141 0.0958614824401557 -0.0150176597714775 3.56192791611613 -0.0947673501375084 -0.993586105464368 -0.0616911693523784 0.360140219222846 -0.020835145033117 -0.0599768889867144 0.997982299201205 -0.000606827277780537
-0.996285040141224 0.0822862641053471 -0.0253986127649772 3.43177094381591 -0.0810138394927568 -0.995575131973107 -0.0476121245836898 0.343220852033263 -0.0292040511135362 -0.0453776083141898 0.99854293651412 -0.0036155210536192
-0.996593923426307 0.0780182507629785 -0.0267152454161296 3.2489426225181 -0.0767443461175613 -0.99599902403738 -0.0457848168673281 0.319845303860682 -0.0301804096848764 -0.0435786262343345 0.998594034734226 -0.00928422182286791
-0.996688939548881 0.0738047369658479 -0.0341177165462357 3.09708456747199 -0.0719171622058827 -0.995970054702414 -0.0535870498938322 0.304900583422485 -0.0379352021370659 -0.0509559705772866 0.997980164883725 0.00333947028091071
-0.997128713918193 0.0708903648911937 -0.026624876439985 2.90785986766948 -0.0698561259945078 -0.996834911517641 -0.0379510321421829 0.279293082404085 -0.0292309688667773 -0.035982153148623 0.998924839571976 0.0127948487987145
-0.996955556521091 0.0754844699484413 -0.0195374798355404 2.81680238264734 -0.074655072681844 -0.996399806870356 -0.0401751787996688 0.263550529653652 -0.0224997432116427 -0.0385942957614158 0.999001622566295 0.0169232685465699
-0.996873978933578 0.0777797380385441 -0.0138774088284307 2.77821289657258 -0.0770013967823906 -0.995785850934224 -0.0498128896247184 0.261443244162338 -0.0176933608649345 -0.0485885936188627 0.998662151856895 0.0216367969262416
-0.997262858582584 0.0732284860089675 -0.0102166397864839 2.75821709443425 -0.0727292244095748 -0.9964334308935 -0.0427887568712835 0.253209946398844 -0.0133135573185391 -0.0419285897049084 0.999031902672224 0.0166186290218309
-0.997482046879094 0.0708401945855028 -0.00335156455721037 2.730067481603 -0.0706316377866037 -0.996577411051227 -0.0429492203190764 0.250121121530281 -0.00638262465409477 -0.0426043497019102 0.999071634813541 0.0125415794574673
-0.997879293509749 0.0649078805575815 -0.00488698536995776 2.67320533991925 -0.0646526042905586 -0.9970568833756 -0.0412020881968864 0.244430638282753 -0.00754694262147868 -0.0407987543297377 0.999138881888904 0.00753901023359976
-0.998051129438261 0.0616605429230604 -0.00958751654213102 2.58155097235352 -0.0611709718414212 -0.997114956430901 -0.0449430291121886 0.234276660499359 -0.012331067714852 -0.0442689632613686 0.998943543780516 0.00131658535746899
-0.9980795555042 0.060157786827204 -0.0147730013399587 2.52609469088693 -0.059448872650688 -0.997240034657183 -0.0444763399742318 0.224795886536926 -0.0174078265472751 -0.0435126873566073 0.998901203129672 -0.00629941773598015
-0.998470958793832 0.0525726636423866 -0.017083895424365 2.40674656422364 -0.0515846361895922 -0.997214212577778 -0.0538780061070344 0.204878306356816 -0.0198688136161568 -0.0529143578854236 0.99840137268288 -0.013859329055671
-0.998950020575828 0.0428470427429677 -0.0162168837861809 2.28503722580908 -0.0418562305282872 -0.997486811877762 -0.0571674391231664 0.17569102064506 -0.018625583414086 -0.0564286368621497 0.998232886947913 -0.0170176635732674
-0.999308218384561 0.0313365064723583 -0.0200276816227519 2.19886753843831 -0.0302375714885271 -0.998136624494477 -0.0529996991807307 0.159467731151775 -0.0216511879477936 -0.0523574465083963 0.998393671782614 -0.00650483352557751
-0.999460048330672 0.0277928181905486 -0.017526295897247 2.0523051436014 -0.0266396920405985 -0.997663613447051 -0.0629097862955727 0.128852213064804 -0.0192337879481088 -0.0624089229261303 0.997865315431079 0.000764037992645709
-0.999593705418923 0.0226435513450546 -0.0173116628129862 1.99801017858494 -0.0216058056155571 -0.998085767722422 -0.0579481616071364 0.118426611919713 -0.0185906764419538 -0.0575505851614726 0.998169483052354 -0.00950554131595177
-0.999883227244968 0.00730451920075231 -0.0134229606806457 1.85388805492482 -0.0066226201750083 -0.998719159877416 -0.0501615449898253 0.0901474820331979 -0.0137721739825597 -0.0500667923178082 0.998650911745841 0.00855230804029583
-0.999438788567293 -0.030697336830048 -0.0134082593457867 1.74106726134628 0.0313325722566032 -0.998254556762241 -0.0500610609077177 0.0738767576758946 -0.0118481147414277 -0.0504530813227899 0.998656151416547 0.0011750335625263
-0.994497289289169 -0.104400524394455 -0.00869897135630396 1.66682825019536 0.104620513172164 -0.994040268824063 -0.0306348197281799 0.0656295511018729 -0.00544883658116163 -0.0313763360249037 0.999492789227398 0.00852038331421953
-0.992982548474817 -0.117214520019158 -0.0156976024008494 1.59258561410624 0.117993194976135 -0.990894909692941 -0.0648450760192466 0.0591643503496855 -0.00795388985218357 -0.0662422391023761 0.997771868412275 -0.00340377665379405
-0.992709953119262 -0.119536151120728 -0.0154291138175683 1.51335804368689 0.120340270095826 -0.990148750989415 -0.0715798177377199 0.0494779063286925 -0.00672074186504858 -0.0729147412348427 0.997315532887882 -0.0156800704406896
-0.989530171420713 -0.142869130370597 -0.0204560855308188 1.34079773921089 0.14375995225673 -0.988240055477329 -0.0521024843679151 0.050308453283122 -0.0127716864680337 -0.0544977461672981 0.998432210862333 -0.0302028116106282
-0.989550214813214 -0.142141433007261 -0.0242112656786849 1.24590948042716 0.143289633643666 -0.988139633742691 -0.055210009211423 0.0544453018387453 -0.0160764813745269 -0.0581022998641514 0.998181180696726 -0.0358173460606701
-0.98880543685143 -0.147055311549861 -0.0252694162581235 1.1068964326343 0.148232921891081 -0.987492205449443 -0.0537228540216139 0.0630488799121066 -0.0170531205556583 -0.0568672095461711 0.998236100107458 -0.0366159266877782
-0.988025193783925 -0.151528133071928 -0.0290764739260604 1.02383550747778 0.152803589372806 -0.987076278389562 -0.0482854399938424 0.0723189970329667 -0.0213840950948033 -0.0521502207890651 0.998410273859713 -0.0231594406900805
-0.987591237580976 -0.154153825503721 -0.0300024254993702 0.860429420300455 0.155451697950122 -0.986713754202165 -0.047230677241521 0.0894400132442096 -0.0223230163217424 -0.0513085309752404 0.998433331570747 -0.00914438908495454
-0.986580727772399 -0.161714448289722 -0.0225145464629927 0.608435684393723 0.162465819111587 -0.986022733469914 -0.036932732107428 0.111625493890097 -0.0162272982496907 -0.0400949659542054 0.999064096290447 0.00528118000486381
-0.987104308447763 -0.158953386492363 -0.01894479259512 0.521775839085289 0.159600046502345 -0.986380454482555 -0.0397671242515312 0.12490382300307 -0.0123656540592088 -0.0422778894624224 0.99902936426428 0.0100432012034099
-0.987045324010462 -0.159223278887364 -0.0197351414851491 0.363855201769706 0.159894231565168 -0.986360015056191 -0.0390865118747523 0.145958501117616 -0.0132424718714598 -0.0417356940604515 0.999040924477084 -0.00196819495153567
-0.985885072041141 -0.165991299495455 -0.02185207583377 0.166074985959213 0.166549936778032 -0.98566713788932 -0.0268591110111491 0.191753905288472 -0.0170804943039791 -0.0301194584427708 0.999400357683269 -0.0184641346495509
-0.986338198122962 -0.163624949282498 -0.0190744566331081 -0.0636832192888396 0.163605788820929 -0.986522444906053 0.00257129556146688 0.253993054568733 -0.0192381076987836 -0.000584524492851445 0.999814759614643 -0.0381891967120682
-0.986787198711446 -0.161189751292572 -0.016397821119149 -0.142278789021003 0.161273287742061 -0.986902089753847 -0.00389767884202892 0.279844658092202 -0.0155547780467329 -0.00649071010969395 0.999857949691949 -0.046721988890173
-0.98712528491351 -0.159606502487665 -0.0104611781399604 -0.264597931842191 0.159370311371408 -0.987006520030878 0.0204751866882208 0.341276471228184 -0.0135932239664343 0.01854437327579 0.999735630295333 -0.0300119265448724
-0.988158698900001 -0.152454768149805 -0.017318471544752 -0.311163032570818 0.15267063604436 -0.988205407881769 -0.0119058272722981 0.378133162073228 -0.0152991071003406 -0.0144088688527757 0.999779136519819 -0.00138648875751031
-0.988782948875792 -0.14922124540415 -0.00642650235566255 -0.321540302500231 0.149140127048729 -0.988747380903908 0.0116550100623034 0.406234365276867 -0.00809336248922895 0.0105658258407789 0.999911426481326 -0.00285438745601609
-0.989034939304662 -0.147681111337884 0.000422123951120297 -0.316877263491755 0.147678698461645 -0.988992431705077 0.0092180285719436 0.423458216797906 -0.000943851310949586 0.00917929104485182 0.999957423973949 -0.0121645729990149
-0.964218050993321 -0.265052120260233 -0.00556090677824064 -0.318437890233231 0.265109135082778 -0.964067167631365 -0.0170775522513865 0.428592570359999 -0.000834646214075601 -0.0179407313338239 0.999838703754213 -0.00314633556580306
-0.892839582657033 -0.450349713052911 -0.00475558555555126 -0.313183541566154 0.450361096214212 -0.892680164624336 -0.0172338824123114 0.428912951954296 0.00351605710255741 -0.017528823104507 0.999840176079668 -0.00731115871346105
-0.706776399614676 -0.707435387818649 -0.00151426866636898 -0.302658024115176 0.707388834809156 -0.706701672421596 -0.0131826622449049 0.424131338420721 0.008255745578688 -0.010388371306281 0.999911958327603 -0.0142633237614063
-0.5444213627254 -0.838808901038477 -0.00223771017806412 -0.296541050824608 0.838719067696409 -0.544319498137712 -0.0163281790036453 0.427719245108413 0.0124781926049058 -0.0107662196583096 0.99986418238858 -0.0136430069132573
-0.473545766011271 -0.880758585231133 -0.00432689663054441 -0.296730311029269 0.880724222976097 -0.473466208913152 -0.012433506366182 0.429175480893237 0.00890227813251779 -0.00969863696921379 0.999913339187447 -0.0222846255564901
-0.363263614316164 -0.931686399089515 1.62963442905479e-05 -0.293253591139485 0.931592764383153 -0.363227354100038 -0.0141707650619619 0.422379624358742 0.0132086283509409 -0.00513254177760651 0.999899589534863 -0.0202887175971769
-0.165310029327632 -0.986241579832254 0.000374718129530293 -0.288966467127168 0.986155849574298 -0.165300647359819 -0.0131276933548463 0.42306960566278 0.0130090181832258 -0.00180060889811596 0.999913757907903 -0.020034564221997
-0.083562062970081 -0.996468371865731 -0.00825624027287178 -0.291000450880685 0.996421124261894 -0.0834464353119469 -0.0134772236900798 0.420427057614293 0.012740673327874 -0.00935287682952354 0.999875091668036 -0.0205720159857464
0.0829803185505045 -0.996550839412042 0.000831384635235481 -0.290841312178824 0.996487587415425 0.0829655688826347 -0.0113667280677568 0.424217515272956 0.0112585460980689 0.00177167918531948 0.999935051037127 -0.0171398750511601
0.241906809410516 -0.970260903630979 0.00865300213912032 -0.290465171347049 0.97020514123719 0.241749310931205 -0.016101384450166 0.416489374332772 0.0135306865217093 0.0122902217019427 0.999832921528776 -0.0132358330777986
0.326307700737513 -0.945253716888919 -0.00432378851018358 -0.291801991711947 0.945210257602076 0.326334467665463 -0.00913149151655267 0.412542974802624 0.0100425775185298 -0.00110721325045711 0.999948959055212 -0.0140856732307712
0.474561125851102 -0.880219850826067 -0.00217991804244313 -0.287379088301778 0.880120011933206 0.474542188902743 -0.0140881349399785 0.41194886047267 0.0134351191147749 0.00476709168473 0.999898381042414 -0.0186490636427017
0.608916314616946 -0.793227851502253 0.00323996827715423 -0.288260345461819 0.79312238100594 0.608756531577645 -0.0192969948184703 0.401058075166343 0.0133345618894833 0.0143199463224055 0.999808545970947 -0.0103731244459541
0.723295921910784 -0.690537873036415 0.000674721848626513 -0.287332621297232 0.690423663521808 0.723157808259668 -0.0189195455071558 0.397123977432813 0.0125767323400894 0.0141502740403182 0.999820781714518 -0.0133891704986355
0.765467246390826 -0.643474093812684 -0.00099262016531723 -0.287780815489082 0.643385760007653 0.765386014389649 -0.0154600386837307 0.392813144281864 0.0107078719744576 0.0111955155608694 0.999879993753803 -0.0101578225956457
0.761166526575607 -0.648495823497003 -0.00887049760558297 -0.293431305118226 0.648432819690478 0.761217285792151 -0.00911713548692258 0.402607936291994 0.0126648003964733 0.00118773657645426 0.999919092783382 -0.0145897138844793
0.762201767377132 -0.647121188883414 -0.0168116835948517 -0.297751482735932 0.647210045819702 0.762311691834456 -0.000202688303543527 0.406225826762529 0.0129469068597388 -0.0107262011265428 0.999858653116608 -0.00961676198494617
0.764153047317193 -0.644786383002275 -0.0179064393638722 -0.296566024527993 0.644931967060913 0.764232662635694 0.00334592643369879 0.409873230837617 0.0115272780304003 -0.0141052350424091 0.999834068336146 -0.0217918417165758
0.768600390323481 -0.639431419742133 -0.0195166452330432 -0.293763343323083 0.639644400750813 0.768637500383747 0.00717172168725364 0.411077018363835 0.0104154012273267 -0.0179959009328706 0.999783810114411 -0.0194799503605543
0.765278354038653 -0.643041104539681 -0.029106334573025 -0.28879769272482 0.643586794383113 0.765207861480364 0.0159049308177272 0.431407891089373 0.0120448717534979 -0.0309041518413844 0.9994497758584 -0.0214827389192237
0.767147207743113 -0.640957563671582 -0.0256624867098727 -0.273332689060119 0.641444299259072 0.766866691305364 0.0215566396825044 0.454420515961001 0.00586281502202379 -0.0329981717456172 0.99943821623023 -0.0225924668318193
0.772748245925164 -0.634180881627527 -0.0259761005101712 -0.243932164240612 0.634703312980876 0.772311460602929 0.0262051962875614 0.503911998299846 0.00344280564091071 -0.0367371365174676 0.999319033086939 -0.0184394816556759
0.77948358967313 -0.625574106418789 -0.0325940302605604 -0.208100332810807 0.626399186612165 0.778848880624991 0.0319136359698524 0.571931451011104 0.00542147967907965 -0.0452930295689294 0.998959032708828 -0.00847354922298612
0.788141813932001 -0.614140044111616 -0.0407981292531672 -0.160621731640102 0.615444470608958 0.787183833412644 0.0396196417277259 0.653060208001778 0.00778361926322063 -0.0563348793586772 0.998381588691823 0.00310647085431465
0.794968302324571 -0.605572673463914 -0.0361543282741655 -0.116569268981739 0.606610005978985 0.794194255242223 0.0357740909937226 0.714001357183758 0.00704974789367381 -0.0503708456750421 0.998705701876492 0.000255070489211091
0.80112797832494 -0.597557372987276 -0.033453674440038 -0.0593142301300034 0.598460879259465 0.800412230195713 0.0344214722101314 0.784339029125639 0.00620792565855152 -0.0475967198625157 0.998847342649189 0.00728588690690898
0.810731766985373 -0.585140122151192 -0.0180288504809227 0.0379976835937673 0.585416435346018 0.810411850851807 0.0228085340543736 0.889170997719521 0.00126460568430931 -0.0290459884981765 0.999577276314657 -0.00450601786171716
0.814906831538319 -0.578602021525389 -0.0338608416745867 0.10443094610693 0.579559600369283 0.814086989708244 0.0370545922601649 0.960564982196288 0.00612580867932129 -0.0498204162417662 0.998739405747827 0.0103242364214035
0.820664212722828 -0.570684554736029 -0.0287991135585976 0.201438608017071 0.57140345257635 0.819865554293024 0.0363120815655049 1.05510432202887 0.00288865710111885 -0.0462559387488032 0.998925444560613 -0.00454052966888461
0.824568570110398 -0.565382755990952 -0.020712614855894 0.302249218180712 0.565761980796429 0.824030804871582 0.0297760593093584 1.14516788588025 0.000232962215822368 -0.0362708126565842 0.999341970437466 -0.0101729668980682
0.824334796330404 -0.565383563925644 -0.0285231344990154 0.369918245156916 0.566081083367767 0.823695700111483 0.0328268285253117 1.20889065316071 0.00493463393652376 -0.0432067038848331 0.999053967574986 -0.00846231966204192
0.827075530398755 -0.561618894156041 -0.0230279122493501 0.469404177147944 0.562082063908368 0.826596718705895 0.0283128602786219 1.28722647792461 0.00313375942388592 -0.0363604503766626 0.999333826706712 -0.0129989509143956
0.833878721272708 -0.551772149877415 -0.0139202308978145 0.587016612975148 0.551941180099288 0.83372632301737 0.0161663854507338 1.37679013230751 0.00268550166608935 -0.0211639534962539 0.999772411678383 -0.010492589929482
0.836133959252598 -0.548437676227644 -0.00980395219273859 0.684581018190103 0.548524039672337 0.836036756929541 0.0128030841705029 1.44981459311031 0.00117477066529189 -0.0160827969196423 0.999869973325095 -0.00515532347315873
0.83435992575266 -0.551101124896667 -0.0114483376803633 0.86004348800176 0.551215938113383 0.834253733415714 0.013479534551565 1.56392036505149 0.00212223179679586 -0.0175572896419444 0.999843606626871 0.0179810397230844
0.837154034780449 -0.546962156110899 0.00234985815126425 1.0198387214266 0.546955203602887 0.837099484303323 -0.0102205005178231 1.64912880457331 0.00362316195315181 0.0098414003895339 0.999945008255871 0.0229115652214562
0.847037931696721 -0.5313568463867 0.0136617738570911 1.15956390372021 0.531532307448779 0.84677650435666 -0.0210465628474789 1.71577762153527 -0.000385233848102984 0.0250889112457566 0.999685149498273 0.0249290398124066
0.868931936545199 -0.494736836362479 0.0138835297333117 1.2433665853711 0.494891715593325 0.868163879194409 -0.0370630368320052 1.74171197766196 0.0062832705580695 0.0390761002168899 0.999216482501632 0.0161410762462789
0.893388176719333 -0.449189915139639 0.0092728547357576 1.35719323487123 0.449248813604082 0.892860542230423 -0.0312338854982737 1.78429414917652 0.00575058026905829 0.0320698030059253 0.999469088347274 0.00883405189504668
0.983114217660647 -0.182929312541522 0.00482717791051556 1.90548850716333 0.182955966392277 0.983103880974372 -0.00582010090950712 1.97258808052755 -0.00368095027968318 0.00660498495192194 0.999971411980774 0.0272064425556489
0.987442512519745 -0.157971705995254 0.00149150046676318 1.95725431759084 0.157962096450022 0.987431504832559 0.00519608980106774 1.98821357642213 -0.00229358972073364 -0.00489523942785845 0.999985387931812 0.0299329354927626
0.998961094859597 -0.0455515843521989 0.00133570951941532 2.13523619705252 0.0455290164266169 0.998868696176361 0.0137272161111032 2.04291540421222 -0.00195949486873452 -0.0136521412950713 0.999904885185546 0.032285382545499
0.99924022691631 -0.0383993012798027 0.00666802620450287 2.24225526237105 0.0382554611702045 0.99905761647763 0.0205036252572755 2.06656276949849 -0.00744906725006331 -0.0202329587371387 0.999767542370648 0.0262410856450725
0.999679679018971 -0.0243326584610581 0.00696139991270264 2.48870546760162 0.0242343632524823 0.999610053583101 0.0138721452319844 2.10146566375384 -0.00729623151180215 -0.0136989965985845 0.999879543994135 0.0113652043311488
0.999653779659586 -0.0222931059600543 0.013976345693987 2.92847713847769 0.022282712074088 0.999751305365372 0.000898978785988334 2.12523582438748 -0.013992910881133 -0.000587236654299993 0.999901921989444 0.0163808067924656
0.999651155826324 -0.0223030039938245 0.0141471787980831 3.1310568811863 0.0225828070108216 0.99954617108598 -0.0199366169363937 2.1232966591777 -0.0136961119521369 0.0202491451722774 0.999701149662831 0.0178135537889871
0.999531450812954 -0.0207202472329253 0.0225288745914565 3.32023496595738 0.0211180315395495 0.999622688101777 -0.0175644577505687 2.11427324590736 -0.0221564342719155 0.0180319934223417 0.999591886538487 0.0309630299863977
0.999747256524965 -0.0220821312998046 0.00421930658563881 3.55429986038036 0.0222376782665059 0.998899602717244 -0.0412924854743323 2.09211648412562 -0.00330283758619737 0.0413758766504199 0.999138192691726 0.050240816191775
0.999464467836426 -0.0305351029071001 0.0117637163729 3.62612573808755 0.030977769062424 0.998739620163461 -0.0394911248214147 2.07831762230677 -0.0105430240616418 0.0398343897430127 0.999150672339982 0.0434526752160649
0.998923810434908 -0.0460315254178657 0.005685034204583 3.87755939305681 0.0462652446302418 0.997575744882055 -0.0519823081665017 2.02556287143972 -0.0032784272916712 0.0521893848470898 0.998631824059185 0.0159182801223205
0.997969219756143 -0.0631058991514319 0.00866498191603483 4.18017889238438 0.063441647144196 0.996905608784044 -0.0464151331199851 1.97935514210554 -0.00570910036233737 0.046870594909857 0.998884654755417 0.0194939005950725
0.997484882382224 -0.0705945781230996 0.00634940615668598 4.338781708591 0.0708149372905185 0.996392913988836 -0.0467590163431184 1.96952143976863 -0.00302557027036543 0.0470910447161417 0.998886019239473 0.0264749610230188
0.997357855966204 -0.0725945363848989 0.00270932271223416 4.42091770230043 0.0726422870847628 0.996298882130163 -0.0459525363095682 1.96909500252457 0.000636607879574579 0.0460279344881875 0.998939950135722 0.0325634336834343
0.997885688218182 -0.0645475701049291 0.00760029228872819 4.5075750426551 0.0647602095927948 0.997381071491983 -0.0322042463504599 1.95866106766468 -0.00550168181760126 0.0326283530545611 0.999452411110266 0.0320440953667831
0.999188279899132 -0.0400257723506125 0.00455179744175076 4.56321727576183 0.0401355032837366 0.99882068360309 -0.0273200179871235 1.95514150064182 -0.00345292461182505 0.0274805304605375 0.999616375294659 0.0258033551260266
0.998513312225452 0.05445124977315 -0.00249533699125032 4.59941563979945 -0.0544958195699229 0.998219677140034 -0.024242149654042 1.94885428728848 0.00117087913991116 0.0243420945809638 0.999703001632711 0.0313997581788153
0.988968014367255 0.147790900654767 -0.0100058104190178 4.61056615713878 -0.1480099155965 0.988625039882729 -0.0267132065089652 1.94603289394464 0.00594402587522371 0.0278994659541471 0.999593061378413 0.0331566135724404
0.979724797497241 0.200148561554846 -0.00893725217932795 4.61098768085771 -0.200283975395878 0.979564409720452 -0.0184362796856089 1.94217999554436 0.00506461929606875 0.019852468777177 0.999790092526845 0.0371140952314888
0.966111500727323 0.257866933930082 -0.0115417740360573 4.61666930660475 -0.258061757177886 0.965898916190651 -0.0210573783740664 1.94138360134146 0.00571818543441906 0.0233222659110474 0.999711645559915 0.0317130796312613
0.951312105860945 0.308122297058527 -0.00811956266005753 4.61973242373158 -0.308213478299288 0.951199856391084 -0.0149427238559886 1.93947082832905 0.00311914043738666 0.0167177527484645 0.999855383396005 0.0345512386621545
0.924793626629683 0.380396360712007 -0.00744022191732834 4.62351874521211 -0.380468935975143 0.924635363324964 -0.0171123828514224 1.93078578939728 0.000370004135955599 0.0186561959137474 0.999825889568262 0.0322595058086307
0.897537201722565 0.440801102430118 -0.0110163342550978 4.6220801500221 -0.440916134085487 0.897464018909292 -0.0123003035040351 1.92949911041271 0.00446477626942452 0.0158972594989012 0.999863662162641 0.0309872927566344
0.897175624238723 0.441567268993041 -0.00970804954073821 4.64400254831363 -0.441673454561555 0.896991527677985 -0.0181867756784149 1.91947576104118 0.000677353320213582 0.0206045195998841 0.99978747489881 0.0295074797638067
0.889667087410185 0.456509569641164 -0.00956485259257703 4.68486613882004 -0.456609738605573 0.889465311598197 -0.0189474556094686 1.89461426703437 -0.000142090214426222 0.0212243324880071 0.999774728386755 0.0208306573612473
0.893309046190084 0.449438303770546 0.00203938687283347 4.79021932430461 -0.449362637356425 0.893226028434284 -0.0148486455811451 1.83489050297358 -0.00849518352014192 0.0123480051575408 0.999887673004117 0.00979833309713064
0.891148739335657 0.453697274467665 0.00356476101325421 4.87304657621876 -0.453404423728073 0.890807462732371 -0.0297740303642191 1.78550417086279 -0.0166839121396279 0.0249168112110726 0.999550298681757 0.00853616942960641
0.893657511994908 0.448729807359861 0.0042203366989169 4.96532603438412 -0.448549982444083 0.893500896306989 -0.0214257216452502 1.72819574378045 -0.0133852345696187 0.0172542251459824 0.999761535172327 0.0100492290775079
0.875811073414018 0.482629026231765 -0.00491799999630168 5.09896836978314 -0.482441834564111 0.875078335463275 -0.0385717910556315 1.64630556260621 -0.0143122307066225 0.036154250668536 0.999243729132586 0.0303561909850454
0.852062370827639 0.523367439549208 -0.00873151987278324 5.17179749701423 -0.523238918327741 0.851153463020273 -0.041938249079004 1.59732203394508 -0.0145172506625055 0.0403026749522085 0.999082050596896 0.0358340872793169
0.777472675463747 0.628868326905294 0.00780168716235542 5.18639084578842 -0.628802426885898 0.777508059464705 -0.00941941663969855 1.57235327660386 -0.0119894474287848 0.00241761923468052 0.999925201336374 0.0337406117110817
0.647295750764395 0.762136116970068 -0.0125199940952757 5.21455772831055 -0.762200596971059 0.647011104790041 -0.0206610806912666 1.55645515506713 -0.0076459805988981 0.0229165767111504 0.999708142155761 0.0238785071320678
0.546828286478216 0.837226751295477 -0.00549472679208364 5.22941671543637 -0.837194432393623 0.546711652204134 -0.0145551267032014 1.54176321865078 -0.00918191028150499 0.0125593096724415 0.999878970808034 0.0276614595498292
0.540929865039739 0.841064006460418 -0.00249362082918315 5.24030867048402 -0.840975940227803 0.540824676309544 -0.0163749031337406 1.52580541362282 -0.0124237299572834 0.0109547492635671 0.999862812791095 0.0304213498213367
0.537524297801409 0.843198126142517 -0.0091950716610366 5.25869921895187 -0.843146058533238 0.537257428067454 -0.0214284849256661 1.4963258030766 -0.0131283377838904 0.0192711197415505 0.999728098380224 0.0323178058690376
0.548859681699797 0.835867886075275 -0.00882761759757438 5.27414174909383 -0.835745683415353 0.548506011066637 -0.0258903162663358 1.46230168766149 -0.0167988826116952 0.0215877940470623 0.999625812337387 0.0307445145749487
0.540554227104551 0.841047673646804 -0.0209747041147076 5.28710615342013 -0.841229997419806 0.539993318955847 -0.0271901990452766 1.43004845009793 -0.0115420535640056 0.0323423273180351 0.999410203501634 0.0235781049140693
0.55478649649274 0.831813777740464 -0.0172563747771095 5.30576110266079 -0.831805696393963 0.554102651788224 -0.0327037418013976 1.38363179923185 -0.0176416199898215 0.0324975451749094 0.999316107546426 0.0204701977509457
0.54630387863404 0.836990685429303 -0.0316016565070542 5.3167517438472 -0.837480253975033 0.545242806249187 -0.0365664659958398 1.34325676746178 -0.0133752155615562 0.0464421655190265 0.998831431659309 0.0169638594658764
0.560189668544771 0.82828968343235 -0.0111236493668561 5.32656107501619 -0.828231027761808 0.559808054111914 -0.025461877465179 1.30617805737333 -0.0148627019185435 0.0234764322453194 0.999613904075324 0.0153201607738828
0.553237819339724 0.832303650810534 -0.0346200534327161 5.3209394602086 -0.832980048255838 0.552307315285602 -0.0331793413092035 1.27985238430942 -0.00849437813667135 0.0471938802120357 0.998849629929652 0.0166680531794544
0.565684890613319 0.824586836204134 -0.00756003245061943 5.31918747975635 -0.824492979882026 0.565411113195185 -0.0228385463775272 1.26449819377038 -0.0145578383372501 0.0191526142925548 0.999710581472812 0.021824453386706
0.558698165662949 0.828766793963578 -0.0316537660980051 5.31140602761505 -0.829364632515378 0.558136487543481 -0.0252580206124316 1.256786607523 -0.00326588693736744 0.0403641238720422 0.999179699296655 0.0224877956953608
0.569222243476944 0.82177939577197 -0.025781043728485 5.31070713998389 -0.82211478556269 0.568488657645761 -0.0307883985834395 1.25373605658732 -0.0106450406427723 0.0387204185511536 0.999193380831227 0.0256231026834987
0.5708643976884 0.820598771757286 -0.0270461687174901 5.31030398377065 -0.821024120099453 0.570309228249151 -0.0258220523734477 1.25587286152597 -0.00576486485353537 0.0369464472485852 0.999300618617305 0.0228308094466022
0.638788038772964 0.769382757261523 -0.000119788344940922 5.30667514600882 -0.769378795780145 0.638784234014612 -0.00331224670861938 1.25715723935103 -0.00247186659924102 0.00220798619151032 0.999994507321162 0.0269503766216784
0.696223643537369 0.717697981525304 -0.0134998331120953 5.30456587501852 -0.717813386754615 0.695982630449392 -0.0187648583425102 1.25745088427189 -0.00407185159604393 0.0227548989725003 0.999732781595828 0.0282674838850203
0.762538717031374 0.6468320610367 0.0119578360567638 5.30197332360963 -0.646941461991822 0.762372725930949 0.0159552973177599 1.26080457026411 0.0012040697776696 -0.0199025518873601 0.999801199561363 0.024604474674474
0.818810117634044 0.574034347422821 -0.00587871065609577 5.30731602315221 -0.574064171014308 0.818776859357605 -0.00740149566987356 1.2643759380795 0.000564639511261475 0.00943517669954163 0.999955328313656 0.0256921374896597
0.874131718525633 0.485661134003578 0.00519630501235585 5.30611040239654 -0.485681074223612 0.874006688516355 0.0150400322364416 1.27280248796712 0.00276275377503051 -0.0156707162259161 0.999873389907215 0.0233949248986767
0.919779783637464 0.392391579020032 -0.00583080834747308 5.30485268808565 -0.392434799206154 0.919688592388014 -0.0129545900505923 1.27784243909252 0.00027925587606269 0.014203582136896 0.999899085043404 0.0187719562638986
0.963220683966642 0.268710277302278 0.00083716842272026 5.29997212480183 -0.268641253397902 0.962892639052586 0.0258774541087564 1.28241773103747 0.00614743455755629 -0.0251505970203364 0.999664772070058 0.0234834208033105
0.989584830429244 0.143799260789844 -0.00660575359968243 5.30226410911112 -0.143827497567061 0.989594621750313 -0.00401690757334644 1.28795806171075 0.00595938989514516 0.0049251598096069 0.999970113789871 0.0220386131316652
0.999940442669803 -0.000385159287835603 -0.0109070053470513 5.30091385997802 0.000625300362723785 0.999757284248031 0.0220222976198611 1.29192922181202 0.010895875952579 -0.0220278061850098 0.999697982213579 0.0327358087694993
0.989048666716033 -0.147360139564621 -0.00822946746348286 5.30307383834772 0.147275181294792 0.98904375649337 -0.0101226832445008 1.2985311981781 0.00963098342970114 0.00879983005391819 0.99991489995359 0.0217239955462656
0.952644980640375 -0.303354955022442 -0.0210549786044143 5.29457334894632 0.303717112831149 0.952613403186665 0.0168410047987322 1.29528615205776 0.0149484525691213 -0.022438256002907 0.999636468138961 0.0221219532259636
0.897052173316483 -0.441502631696865 -0.0193086652287702 5.29118083356932 0.441559920035753 0.897230640823435 -0.00141922006324013 1.29753286836239 0.0179509154695322 -0.00725281823226898 0.999812563064445 0.0207092142033192
0.81211799991799 -0.582516192061852 -0.0337526324153094 5.28221066531561 0.583119883923415 0.812308352379211 0.0112401791851603 1.29863920350643 0.0208699588487087 -0.0288101829346971 0.999367008749499 0.0223225911508139
0.714827645161457 -0.698989655035331 -0.0208542529598839 5.27693921993817 0.69901434730854 0.715070461376711 -0.00729229204798576 1.30064070376443 0.0200094969887293 -0.00936469006886912 0.999755931520375 0.026430011966313
0.588021175420168 -0.807910258215921 -0.038885883389315 5.27190127743093 0.808521401941479 0.588466772498023 -1.63812242863464e-05 1.30188141285677 0.0228962848529878 -0.0314304364469022 0.99924365787564 0.0265360897983737
0.456058177736039 -0.889676129460457 -0.0220753978071359 5.26271379278019 0.889779451531306 0.456316045641796 -0.0082579732672445 1.30047923544914 0.0174202799269118 -0.0158761191131163 0.999722202758934 0.024009684823836
0.30351417375069 -0.951831012745486 -0.0435530654298611 5.25947978908809 0.95268970276696 0.303928994591878 -0.00308163725502957 1.30006499151144 0.016170237296861 -0.0405572363737047 0.999046362289304 0.0168976697864931
0.150543919561149 -0.988260581615447 -0.0260298119137454 5.25145438490273 0.988503504456575 0.150850682090203 -0.010241747409081 1.30082146764104 0.0140481301331251 -0.0241887274989645 0.999608701193494 0.0197707584292731
-0.0115836332986897 -0.998799459923648 -0.0475968307330434 5.24943368258171 0.999856666643011 -0.0109818306823361 -0.0128858668467357 1.29864598680398 0.0123476965110416 -0.0477392736758007 0.998783508143671 0.0146471258842661
-0.257624546374235 -0.964830883766875 -0.0522585766654618 5.24407551646075 0.966151051451327 -0.256467860095487 -0.0278636414981521 1.29383627869299 0.0134810565225985 -0.0576680367939814 0.99824478894075 0.0175841607390972
-0.474059749929923 -0.879934158109363 -0.0313565127006406 5.23519583112892 0.880451390758876 -0.473391962439578 -0.0265593374986239 1.29080768193128 0.00852654719917622 -0.0401985981095294 0.999155328616571 0.0211242425965309
-0.6599068878329 -0.751125749398851 -0.0182485062597276 5.23390710836129 0.751346567016762 -0.659675567374583 -0.0175066284917907 1.28682248213616 0.00111158572471913 -0.0252636972558946 0.999680203854282 0.0149697105861678
-0.826940590050038 -0.561522358695989 -0.0293581541004986 5.23364858237094 0.562288913450271 -0.825873574395602 -0.0420002014988566 1.28295847249407 -0.000662071453290891 -0.0512394359797599 0.998686177866634 0.012385181324964
-0.961513567279091 -0.274152076782688 -0.0182290628935387 5.23999755477646 0.274714974030842 -0.960413358934838 -0.0462370308598579 1.27521652464644 -0.00483145748932269 -0.0494653290218604 0.998764155465788 0.0150415740272539
-0.99903093562691 0.0434670968517049 -0.00691383769738927 5.24625738771424 -0.0431104559383699 -0.998042036246361 -0.0453164702288726 1.26567412678046 -0.00887007605419505 -0.0449744969566412 0.998948755629782 0.00841477513207222
-0.958304807708582 0.285712082731674 0.00452783654156319 5.25320931511146 -0.285460343720704 -0.956509284312841 -0.0600198399380837 1.2573472928389 -0.0128174757840755 -0.0588098189460309 0.998186915116633 0.0189851904051032
-0.907099856146364 0.420842665505745 -0.00782955102580345 5.25944202666703 -0.420519496699594 -0.906896346404406 -0.0265022597878082 1.2529180002864 -0.0182538728703149 -0.0207477171843197 0.999618091251291 0.00974273579088327
-0.820500884998739 0.571413708083316 0.0162687409088761 5.26635028423388 -0.571394949583341 -0.818967305997248 -0.0529184589558473 1.25173004111361 -0.016914765943906 -0.0527155187974539 0.998466306277271 0.0196775014590164
0.771455830713703 0.63600829299743 0.0186909736591063 5.30910718981306 -0.636268957272122 0.771300355400746 0.0160491672845963 1.28554571809237 -0.00420895113734838 -0.0242737100002817 0.999696489807354 0.0133810834056597
0.9267759193529 0.375593873638708 0.00395441432542372 5.30358649228397 -0.375603961797544 0.926618520541591 0.0173141927707265 1.29208591440045 0.00283887117985187 -0.0175316706101615 0.999842278229942 0.0164110694801004
0.972277604519058 0.233815301169467 0.00258160603386864 5.29757344964691 -0.233826796437971 0.972153278254517 0.0155895107861716 1.29732386068672 0.00113534939056633 -0.0157609808713674 0.999875143437286 0.0146024005448549
0.995873140374402 0.0904864706853264 -0.006991917029048 5.29757967405553 -0.0904071200760435 0.995844846658588 0.0109359052249855 1.29795636565838 0.00795241600920004 -0.0102586551968363 0.999915755988058 0.0185101325113935
0.997730607563432 -0.0666558249784768 -0.00952027980384076 5.29083912378025 0.0668259268409826 0.997586896030996 0.0188329596475417 1.30487182378528 0.00824197991676683 -0.0194264217930365 0.999777317157861 0.0245224713258585
0.986699346454312 -0.16192609129994 -0.014294777471375 5.28637232400612 0.162237506241848 0.986452761713318 0.0242886903021542 1.30530436713259 0.0101681500312926 -0.0262847838966048 0.999602780538575 0.0154681355239586
0.98292264713842 -0.18359652616934 -0.0124653648543488 5.28744055472161 0.183896384949009 0.982484915624054 0.0300916960951211 1.31092732352343 0.00672230206754018 -0.0318701451164865 0.9994694114905 0.0234558013328873
0.985340398317863 -0.170124691318865 -0.0127235547884755 5.28240869513161 0.170348335598946 0.98519580383208 0.019252861354344 1.31184907373942 0.00925980569252096 -0.0211380584567668 0.999733683779443 0.0212499791192824
0.983541724140659 -0.180284651735104 -0.0119633282648322 5.2823467603935 0.180542813107194 0.983222494654047 0.0260349503862377 1.3143313787193 0.00706891149759003 -0.0277663529298543 0.999589445790228 0.0260436785376277
0.985915895114038 -0.166784838754328 -0.0123557809618697 5.27839462592972 0.167023724216443 0.985711336668319 0.0218228392384088 1.31673767219545 0.00853951464396593 -0.0235791926335196 0.999685499726988 0.021982225916617
0.984338539107071 -0.17551448953326 -0.0165016481733182 5.27068837342641 0.175916287773073 0.984027041735954 0.0272807776379061 1.32127951413612 0.0114498962745703 -0.0297564294945888 0.999491598153299 0.027328529513929
0.986475205792303 -0.16306543420428 -0.0166232525338345 5.25696570528753 0.163466132101877 0.986191243190296 0.0265641772021878 1.32640154960677 0.0120620069924543 -0.0289222409668901 0.999508885385601 0.0220941208486279
0.985025727421659 -0.171070512747275 -0.0214288587147471 5.24159580114535 0.171854683790739 0.984198693877855 0.0426485477866414 1.33475211507642 0.0137943458205598 -0.0456925665454331 0.998860303238583 0.0219142513245818
0.986873736817532 -0.16070393416467 -0.0159522137585046 5.21487688698811 0.161104578338818 0.986534201175007 0.0282061119309596 1.34015436697059 0.0112045713024251 -0.0304058457535343 0.999474833162867 0.0190181671161907
0.985173231891161 -0.169939912570774 -0.0235399507340795 5.18646028433519 0.170839388304617 0.984326939147806 0.0437536315248983 1.34863100208143 0.0157355193377716 -0.04712645736049 0.998764982589909 0.0246579057373696
0.986998133850508 -0.160093334242709 -0.0143111182884713 5.14899328699574 0.160402966645395 0.986759099518805 0.0240284791069659 1.35146084105231 0.0102748268584236 -0.0260116098673252 0.999608835537751 0.0154787184144855
0.985143536905008 -0.170212524694805 -0.0228014940587584 5.11498543263134 0.171026886129742 0.984434560780575 0.0404771511042999 1.36063839452878 0.0155568607069587 -0.0437754723307037 0.998920263137738 0.0268990802956068
0.987341152794676 -0.157875857552776 -0.0152532488360555 5.07100715276361 0.158210126442424 0.987114046550471 0.0239878092752784 1.36012461512124 0.011269600221453 -0.0260973696898823 0.999595880046591 0.02415067922192
0.985907247626161 -0.165879165846169 -0.021702567046013 5.02995992100571 0.16658895130346 0.985350706097235 0.0364980451160537 1.36526925467394 0.0153303744840447 -0.0395990950888923 0.999098038876226 0.0255061162934396
0.987859491850979 -0.154795685454002 -0.0131118314796661 4.98718683416891 0.155008820360151 0.98776350041736 0.0171910690126862 1.3660916950679 0.0102902852477317 -0.0190148102296715 0.999766246190303 0.030311549935894
0.986109689600022 -0.164714415083905 -0.0213738517940733 4.94375047999456 0.165406235494836 0.985563637569351 0.0361260786758694 1.37136398785264 0.0151148052046642 -0.0391596445928098 0.999118644055344 0.0270635516251344
0.986099239708123 -0.164843202056258 -0.0208568497837707 4.85461896723533 0.165498240536545 0.985588632126144 0.0350054367637895 1.3805141084753 0.0147858657633261 -0.0379706065207726 0.99916946070928 0.0338013760200372
0.988245103748871 -0.151863203336368 -0.0175835829340677 4.52632779761676 0.152412800005045 0.987664593903953 0.035902483802137 1.42068440424268 0.0119144161000279 -0.0381604169389872 0.99920059510993 0.0151774187799359
0.988848259157784 -0.147933571519888 -0.0171691228078392 4.47686923984018 0.148487979504095 0.988203454761309 0.0374866901793718 1.43553403847606 0.0114210465112339 -0.0396180566810527 0.999149623070241 0.0158007908316975
0.989150761643054 -0.146434956418323 -0.0117292062702233 4.45708276676048 0.146683760031315 0.988884880130772 0.0243016129469659 1.44389364216368 0.00804022910377495 -0.0257584430335453 0.999635862366115 0.0130517210989218
0.999903457948534 -0.00324994985543653 -0.0135097227396274 4.39789658688236 0.00337457236049458 0.999951873436899 0.00921211546934985 1.45386945918264 0.0134791336497656 -0.00925681564977918 0.999866303222625 0.0209829650267144
0.999815163081972 0.0187596277915007 -0.00420904223001554 4.33567954332804 -0.0186985670111872 0.999725662122352 0.0141054629754666 1.47135768600086 0.00447250076554978 -0.014024152706972 0.999891654069457 0.0133047465161855
0.979133655217832 -0.203156228409848 -0.00498317951253746 4.31267982318741 0.203066568284443 0.979057427133306 -0.0145094183305208 1.4803085315817 0.00782649761693764 0.0131947426422911 0.999882315425998 0.0102689977754132
0.936438077367042 -0.350327150807003 -0.0188312151643125 4.30323389089563 0.350744002101269 0.936059465386328 0.0277726889343999 1.49973380927525 0.00789761021464373 -0.0326123392002034 0.999436872986378 0.0185352047929862
0.938370138380726 -0.34435643676932 -0.0296669487961587 4.26738813851976 0.345276776070859 0.937836717862726 0.0353021038266 1.50306690295441 0.0156662472038025 -0.0433697484890943 0.998936251026332 0.0163481794343731
0.941638871547107 -0.335758832563391 -0.0241296901587906 4.24374737891583 0.336296261865761 0.941466046488464 0.0233775012457997 1.5004002651737 0.0148680814702493 -0.0301278884930662 0.999435465894794 0.0145517910299602
0.941697243214064 -0.33564111739146 -0.0234806822567748 4.13666359428737 0.336204359536632 0.941411092468358 0.0266792729678941 1.48606757093345 0.013150313745117 -0.0330181055444436 0.999368237415349 0.0118477262427475
0.941372932346413 -0.336295199241312 -0.0268801267251862 3.99087234053683 0.337013189974899 0.941045865633592 0.0292367672095576 1.46390198837627 0.0154632476685335 -0.0365816585349752 0.999211023873522 0.0132886991814672
0.944484165062282 -0.328131339346458 -0.0167178373393121 3.82974144193338 0.328413818659074 0.944351528439695 0.0185621778726669 1.44452117908387 0.0096966829570402 -0.023022051870128 0.999687931040142 0.0133291918699947
0.943028741724787 -0.331676412408922 -0.0262211695488833 3.71896344190756 0.332359074070658 0.942725705458177 0.0283846816307086 1.43339379230297 0.0153048411902666 -0.0354824142347824 0.999253101129144 0.0230257670411742
0.944656805848609 -0.327603418805194 -0.0173066215955416 3.65546489231462 0.327896857207249 0.944536309943278 0.0182978204261023 1.42378726762918 0.0103523039711629 -0.0229599474277664 0.999682784995622 0.0263965637062129
0.94524187756381 -0.32492538664739 -0.0306803848034607 3.35905469717271 0.325846400658163 0.944870494336373 0.0323090097443251 1.38058875771405 0.0184909728723069 -0.0405369219919684 0.999006927842672 0.00632485956260142
0.948083574442585 -0.317108198366013 -0.0240816610978896 3.25331339087773 0.31757367211639 0.948047101206811 0.0188057616669476 1.37575022897973 0.0168670877949927 -0.0254771352868342 0.999533099465392 0.00322817518403396
0.94530091859758 -0.325150502362786 -0.0261404688519336 3.21287325905808 0.32576496830571 0.945140663119146 0.024213887409512 1.37262098676097 0.0168332624096032 -0.0314050590180766 0.999364980147254 0.00841641112486534
0.949347883681347 -0.313605230542261 -0.0197574068714051 3.08988762040766 0.313866393126353 0.94939352759445 0.0118244250439422 1.35528857215677 0.0150493526638269 -0.017426678923473 0.999734878778418 0.00925658679662332
0.945942258687701 -0.323281437000221 -0.0261219394356981 3.04444155300439 0.323914242293681 0.945747368338366 0.0253274341449447 1.34695603254901 0.0165168661712994 -0.0324195584813886 0.999337863467482 0.0104938160015482
0.94623562222188 -0.322475092100309 -0.0254551019104044 2.95212180419313 0.323051666111574 0.946097276091123 0.0231854522382822 1.33242157848092 0.0166062717341282 -0.0301622139083827 0.999407060506997 0.0140962759195059
0.950326621276464 -0.310886097532479 -0.0151376105870706 2.90596552534033 0.311085783462804 0.950288504166286 0.013318940526008 1.32405416055102 0.0102444238780413 -0.017366439198297 0.999796708620797 0.00864171430000695
0.948683101022212 -0.315995648528904 -0.0121294660095174 2.79881141499879 0.316117278223548 0.948668546145101 0.00989221731844585 1.30681427185112 0.00838094525783413 -0.0132189131828825 0.999877502542611 0.0104703809117538
0.950855741098931 -0.309271515975701 -0.0149829578286428 2.72643767933795 0.309427102529296 0.950876191823066 0.00945177466871966 1.29019214326647 0.0113237732018898 -0.0136234074355611 0.999843075152455 0.0278107667758624
0.948198882118792 -0.317423934093259 -0.0126856617262326 2.61802712110577 0.317544175528242 0.948201506497337 0.00892186439424521 1.27662409500704 0.00919655026426153 -0.0124879598389255 0.999879729928704 0.0231266184280696
0.951492235693554 -0.307090671613521 -0.0189167868000802 2.54703118949089 0.307331526937458 0.951533725899335 0.0114411986443688 1.25814983305068 0.0144864752501607 -0.0166999366491635 0.999755597209008 0.0122683439477913
0.952916226871094 -0.30265122020262 -0.0187857253153026 2.0792142803827 0.302839621145997 0.953007184627965 0.00809134794888431 1.17788608529741 0.015454074864117 -0.013399438695191 0.999790791422259 -0.00791653269967912
0.952651439059132 -0.303754950095487 -0.0137173594781569 1.94995510685649 0.303930944742953 0.952600523251825 0.0133500534832624 1.15400043643297 0.00901201898694514 -0.0168870776879212 0.999816788277203 -0.00771687516290636
0.952705775346012 -0.30364469607771 -0.0123127643618211 1.84483470103072 0.303801978906987 0.95263276693424 0.0139702890239625 1.13695871320536 0.00748753861781208 -0.0170502172153188 0.99982659839512 -0.000768503080505362
0.954311306280382 -0.298356092010241 -0.0165400443109374 1.68379517912175 0.298608771351391 0.954245324008801 0.0157690608265384 1.11206247789285 0.0110784645797326 -0.0199875953459753 0.999738847727166 0.00694025123557597
0.955803112185791 -0.293299352996674 -0.0203936330183861 1.55884160736968 0.293652372537362 0.955757502548591 0.0172011751127071 1.09169868714671 0.0144462742302057 -0.0224295754264835 0.999644046302009 0.0189334010860311
0.952918125199666 -0.302683445851457 -0.0181597982764741 1.45288783386439 0.303015817624896 0.95278151830871 0.0197178253989763 1.08687060024486 0.0113340608375793 -0.0242921793348558 0.999640649977827 0.0140524764291497
0.926776220258984 -0.374484551648649 -0.0291059811547761 1.35900487617682 0.375251447037279 0.926501424581286 0.0279546372767753 1.08079028045589 0.0164981531966424 -0.0368297546198502 0.99918535823727 0.000339244210637294
0.911948102707181 -0.408973164937044 -0.0330394965178016 1.24285120605051 0.40995299488368 0.91154308617222 0.0320584472101428 1.06907751196048 0.0170058800029139 -0.0427802806559497 0.998939761763603 -0.00709727413381398
0.915445846590137 -0.401701435935646 -0.0243897176717331 0.860037437238677 0.402063195908 0.915530946389592 0.0121767277716066 0.954126845887088 0.0174381322713249 -0.0209533426979668 0.999628365430208 0.00867960854186923
0.918072456589119 -0.396107543730866 -0.0155492202994522 0.783718219885871 0.396230586435463 0.918133239292789 0.00571640435408981 0.931583235634035 0.0120119451143423 -0.0114091500660821 0.999862762817648 0.00715911508408379
0.916091456837205 -0.40051259826911 -0.0191337747873664 0.590243033927975 0.400703667373424 0.916178405716147 0.00732801834791547 0.872507638845033 0.0145949876113338 -0.0143801087320665 0.999790077370984 0.0059043916626258
0.920073209338585 -0.390934641964121 -0.0252070460344051 0.52189152705335 0.391202838334917 0.92028106014239 0.00656579179560284 0.851343637808823 0.0206307715827754 -0.0159020770839274 0.999660690038533 -0.00145830643080984
0.915929267916172 -0.399859778101616 -0.0344344889764861 0.471397184133084 0.400752011690386 0.915857002960486 0.0245718386439556 0.843176429824737 0.0217117779247596 -0.0363057569093697 0.999104844705792 -0.010848577123213
0.916509106599389 -0.398621658001422 -0.033344134305545 0.379288964543044 0.399515218873955 0.916341646736473 0.0265626870700966 0.824668590221053 0.0199661565776903 -0.0376664337107358 0.999090882934596 -0.0160325895977836
0.91668273874914 -0.398439225393832 -0.0306421302611161 0.287021332343989 0.399292269323515 0.916328700712073 0.0301230129602186 0.805152478442885 0.0160760734588207 -0.0398484117486168 0.999076405458191 -0.0234529450609793
0.917522361116783 -0.396728319664495 -0.0275564371222031 0.191132613663363 0.397440334322114 0.917181971834743 0.0286078869415239 0.785921694050976 0.0139247084210198 -0.0372004155557237 0.999210804374068 -0.0218825470828321
0.920545478269741 -0.390210846090127 -0.0182076366056167 0.0794184296786515 0.390471160762817 0.920509845352646 0.0139246982511823 0.765527307550688 0.0113267404699299 -0.0199278750115391 0.999737257857209 -0.0196134168946184
0.918825354575256 -0.39427354064902 -0.0175596962883725 0.018573855867214 0.394548943260236 0.918722994902498 0.0167089799094782 0.744260011774189 0.00954458809408859 -0.0222807940044652 0.999706190366272 -0.0224439800114995
0.918761457891205 -0.39454329209468 -0.0145936341162437 -0.0211283079779349 0.394700953724633 0.918753751838296 0.0101341310392024 0.733013926026356 0.00940960267452844 -0.0150709703120278 0.999842150157394 -0.0164010096702448
0.918405268408202 -0.395437240740925 -0.0126945498251171 -0.107149801769609 0.395553709291148 0.918403762877522 0.00847298049229053 0.710581776308398 0.00830819030070067 -0.0128030061943459 0.999883521719563 -0.0134905772718671
0.920928946809491 -0.389176654857202 -0.0207703211944526 -0.172858967680191 0.389504309799406 0.920901935076866 0.0150339156367215 0.688759978453649 0.0132765799832348 -0.0219352977149059 0.999671233525356 -0.000738254330498586
