1645258750.05154
1645258750.25178
1645258750.45126
1645258750.65236
1645258751.05069
1645258751.35104
1645258751.85118
1645258752.35296
1645258752.85137
1645258753.25206
1645258753.45197
1645258753.65241
1645258753.85177
1645258754.15145
1645258754.4521
1645258754.7511
1645258755.05053
1645258755.45297
1645258755.65164
1645258755.85258
1645258756.05109
1645258756.24996
1645258756.45168
1645258756.75142
1645258757.05131
1645258757.25164
1645258757.65287
1645258757.85231
1645258758.25229
1645258758.45139
1645258758.75392
1645258759.05102
1645258759.35232
1645258759.75275
1645258760.15076
1645258760.55097
1645258760.951
1645258761.15567
1645258761.55175
1645258761.9514
1645258762.15264
1645258762.35232
1645258762.55174
1645258762.95148
1645258763.35167
1645258764.05196
1645258764.35294
1645258764.65345
1645258764.95125
1645258765.35268
1645258765.65139
1645258765.85193
1645258766.15125
1645258766.45134
1645258766.85204
1645258767.0515
1645258767.35112
1645258767.55264
1645258767.75094
1645258767.95101
1645258768.45226
1645258768.65214
1645258768.95138
1645258769.15093
1645258769.55115
1645258769.95328
1645258770.25226
1645258770.8513
1645258771.05139
1645258771.55053
1645258771.85034
1645258772.35223
1645258772.75203
1645258773.25263
1645258773.65145
1645258773.95059
1645258774.15104
1645258774.4509
1645258774.6519
1645258774.95307
1645258775.15198
1645258775.54985
1645258775.95379
1645258776.35218
1645258776.75121
1645258777.05089
1645258777.25268
1645258777.45185
1645258777.85308
1645258778.45302
1645258778.95271
1645258779.2508
1645258779.55339
1645258779.75139
1645258779.95061
1645258780.25076
1645258780.6509
1645258780.95243
1645258781.15222
1645258781.3527
1645258781.55211
1645258781.85242
1645258782.35015
1645258782.8526
1645258783.45253
1645258783.85111
1645258784.15198
1645258784.45167
1645258785.0529
1645258785.75142
1645258786.25251
1645258786.65054
1645258786.9503
1645258787.55085
1645258787.9503
1645258788.35084
1645258788.74975
1645258789.15116
1645258789.45333
1645258789.95344
1645258790.45041
1645258790.85132
1645258791.3517
1645258791.85153
1645258792.35057
1645258792.65163
1645258792.95152
1645258793.35097
1645258793.55026
1645258793.85052
1645258794.25029
1645258794.55066
1645258794.75018
1645258794.95077
1645258795.15192
1645258795.55253
1645258795.85069
1645258796.05017
1645258796.25138
1645258796.55159
1645258796.85013
1645258797.2499
1645258797.45014
1645258797.85261
1645258798.35142
1645258798.65225
1645258799.15134
1645258799.65257
1645258799.95071
1645258800.35116
1645258800.84997
1645258801.15013
1645258801.35215
1645258801.55001
1645258801.7512
1645258802.05261
1645258802.2505
1645258802.45066
1645258802.75148
1645258802.95101
1645258803.24953
1645258803.45085
1645258803.75189
1645258803.9508
1645258804.14935
1645258804.34898
1645258804.74816
1645258804.9477
1645258805.45192
1645258805.8497
1645258806.04992
1645258806.34916
1645258806.75332
1645258807.24946
1645258807.8513
1645258808.34865
1645258808.64973
1645258809.04932
1645258809.25091
1645258809.54819
1645258809.84822
1645258810.24899
1645258810.65034
1645258810.85137
1645258811.04982
1645258811.24972
1645258811.4499
1645258811.85024
1645258812.24825
1645258812.64921
1645258813.15018
1645258813.64841
1645258814.15118
1645258814.5503
1645258814.94978
1645258815.2502
1645258815.65396
1645258815.94844
1645258816.34789
1645258816.64975
1645258816.8487
1645258817.04828
1645258817.34873
1645258817.75051
1645258818.14923
1645258818.34907
1645258818.74975
1645258819.14961
1645258819.44974
1645258819.94955
1645258820.15013
1645258820.64954
1645258821.04818
1645258821.35004
1645258821.64862
1645258821.94826
1645258822.54965
1645258822.85077
1645258823.24914
1645258823.44775
1645258823.84858
1645258824.44903
1645258824.64847
1645258825.04812
1645258825.54893
1645258826.14861
1645258826.3505
1645258826.74923
1645258827.05033
1645258827.34889
1645258827.74867
1645258828.15029
1645258828.54842
1645258829.14864
1645258829.54914
1645258829.74804
1645258829.94763
1645258830.3469
1645258830.54859
1645258830.84738
1645258831.14758
1645258831.34809
1645258831.64743
1645258831.94748
1645258832.24843
1645258832.54653
1645258832.84664
1645258833.24799
1645258833.54705
1645258833.7469
1645258834.04742
1645258834.3475
1645258834.74873
1645258835.14857
1645258835.64976
1645258836.04741
1645258836.4483
1645258836.94704
1645258837.24791
1645258837.64841
1645258838.04861
1645258838.34727
1645258838.74661
1645258839.24674
1645258839.64897
1645258840.34697
1645258840.94692
1645258841.44902
1645258841.74656
1645258842.14589
1645258844.04642
1645258844.2467
1645258844.84892
1645258845.1476
1645258845.6472
1645258846.4492
1645258846.849
1645258847.24893
1645258847.8477
1645258848.04758
1645258848.75448
1645258849.54715
1645258849.9465
1645258850.14822
1645258850.44707
1645258850.74867
1645258851.14792
1645258851.44739
1645258851.64675
1645258851.84708
1645258852.04665
1645258852.34829
1645258852.54754
1645258852.7465
1645258852.94587
1645258853.24832
1645258853.44609
1645258853.64688
1645258854.04757
1645258854.44911
1645258854.75089
1645258855.04842
1645258855.44571
1645258855.74856
1645258856.04852
1645258856.25016
1645258856.45097
1645258856.65106
1645258856.84647
1645258857.04785
1645258857.24818
1645258857.44927
1645258857.64722
1645258857.84887
1645258858.04729
1645258858.24874
1645258858.44768
1645258858.64753
1645258858.84781
1645258859.05272
1645258859.24891
1645258859.44951
1645258859.64609
1645258859.84812
1645258860.04646
1645258860.24716
1645258860.44914
1645258860.64734
1645258860.84661
1645258861.04884
1645258861.24662
1645258861.44732
1645258861.64705
1645258861.8471
1645258862.14988
1645258862.44881
1645258862.74884
1645258863.04802
1645258863.44881
1645258863.84791
1645258864.14738
1645258864.3479
1645258864.54725
1645258866.95003
1645258867.34776
1645258867.54698
1645258867.75044
1645258867.94834
1645258868.14984
1645258868.34874
1645258868.54889
1645258868.74854
1645258868.94653
1645258869.14735
1645258869.34774
1645258869.54749
1645258869.74787
1645258869.94869
1645258870.14965
1645258870.34966
1645258870.54714
1645258870.74774
1645258870.94741
1645258871.14721
1645258871.54945
1645258873.54841
1645258873.94986
1645258874.14811
1645258874.64759
1645258875.3469
1645258876.04595
1645258876.54932
1645258877.04721
1645258877.24813
1645258877.8499
1645258878.54834
1645258879.24846
1645258879.74726
1645258880.04759
1645258881.3483
1645258881.8494
1645258882.05009
1645258882.64789
1645258882.84854
1645258883.24768
1645258883.44844
1645258883.94789
1645258884.24937
1645258884.7482
1645258885.04772
1645258886.95068
1645258887.44892
1645258887.84708
1645258888.44922
1645258888.94959
1645258889.448
1645258889.94692
1645258890.64703
1645258892.24662
1645258892.54988
1645258893.34679
1645258893.6471
1645258893.84798
1645258894.2482
1645258894.64821
1645258895.0481
1645258895.54809
1645258895.84813
1645258896.04728
1645258896.44706
1645258896.74693
