1672332522.8984 -2.79210367752679e-29 -1.10395787508569e-27 4.58878130808568e-27 0.00314669569786521 -0.00248064480822184 7.80589700943244e-06 0.999991972291072
1672332523.09895 0.00142802170012146 0.000186304838280194 -0.00110632902942598 0.00312363499987821 -0.00261453999079333 6.7103073049206e-05 0.999991701256666
1672332523.29841 0.00186322501394898 -0.000204224765184335 -0.000186673132702708 0.0032421035129077 -0.00279166003715655 0.00012990950840439 0.999990839219324
1672332523.49921 0.00290650664828718 -0.000909761700313538 -0.0001796029828256 0.00314795642660251 -0.00274624692161939 -1.81276206670482e-05 0.999991274046714
1672332523.6974 0.00260084797628224 -0.000101354729849845 -0.000591380870901048 0.0031581651390821 -0.00276400046424913 5.76145033509836e-05 0.999991191448683
1672332523.8979 0.00107025622855872 2.98495324386749e-05 -0.000832734047435224 0.0031484798660014 -0.00268513684966522 0.000116501450593591 0.999991431734314
1672332524.09916 0.0026019774377346 -0.000421227945480496 -0.000393164751585573 0.00310007884421984 -0.00268415626779073 3.73396772163327e-05 0.999991591675669
1672332524.29718 0.00186885474249721 -0.000614507240243256 -0.000176417932379991 0.00319341617493756 -0.00274535944061333 9.19630498426879e-05 0.999991128279383
1672332524.49807 0.00213284161873162 -0.000136618153192103 -0.000530457589775324 0.00314538953859205 -0.00283121269085416 0.000158861290434794 0.999991032721014
1672332524.69884 0.00242782477289438 -0.00042912267963402 -0.000287914648652077 0.0031737167448653 -0.00281050330555645 0.00010719426701519 0.999991008510868
1672332524.89863 0.00247179181315005 -0.000303503125905991 0.000123508114484139 0.00313775646322669 -0.00291400286971995 0.000121614017470966 0.999990824098743
1672332525.09737 0.00224889488890767 -2.2017859009793e-05 8.40597567730583e-06 0.00314595754469115 -0.00284085382603205 0.000123800026962464 0.999991008546687
1672332525.29808 0.00229440140537918 0.000346118467859924 -0.000613753451034427 0.00308410472323623 -0.00286313778045218 5.66625779470814e-05 0.999991143725512
1672332525.49787 0.00217347359284759 -6.06797766522504e-05 0.000286246067844331 0.00311362275405884 -0.00274721149312023 0.000126517331982251 0.999991371050632
1672332525.69891 0.00186152325477451 0.000268359697656706 -0.00029653133242391 0.00310936458777578 -0.00280580208862191 0.000116535837113971 0.99999122283443
1672332525.89938 0.00226662121713161 0.000911776383873075 0.000732955173589289 0.00313426061925069 -0.00295663254572731 0.000116022424149126 0.999990710593432
1672332526.09782 0.00189318845514208 0.000823571579530835 -0.000373313552699983 0.00308622313385239 -0.00285399825657392 0.000129657327834724 0.999991156515745
1672332526.29895 0.00258566485717893 0.000588751514442265 0.000722788565326482 0.00313873680157779 -0.00294579120184088 0.000127680041262451 0.999990727128653
1672332526.50037 0.00235757185146213 0.00089078355813399 0.00115690613165498 0.00316117097039117 -0.00288492864298506 0.000131222761379007 0.999990833440691
1672332526.69867 0.00249453936703503 0.00129362149164081 0.000973277841694653 0.00316280510847239 -0.00296551620116541 0.000103501691357514 0.999990595788234
1672332526.89923 0.00251354579813778 -8.3465019997675e-05 0.000561770983040333 0.003103315694472 -0.00289576364765917 0.0001257003487596 0.999990984051366
1672332527.09828 0.0027184730861336 0.000370481226127595 0.000783817027695477 0.00316562721703759 -0.00293630586672531 0.000103149192510415 0.999990673092716
1672332527.29822 0.00268270005472004 0.000124118247185834 -7.01305034453981e-05 0.00309189640572886 -0.00288020300517121 9.02395686124167e-05 0.999991068192154
1672332527.49831 0.00272227288223803 0.00076190521940589 0.00108455610461533 0.00317320956111715 -0.00292391328320848 8.45582829634611e-05 0.99999068711768
1672332527.69999 0.00306113203987479 0.000659754034131765 0.000260453060036525 0.00311093768566174 -0.00289602112076319 7.86462442231276e-05 0.999990964430755
1672332527.899 0.00317030609585345 0.00072564254514873 0.000511828635353595 0.0031463574343625 -0.00289025838811316 5.91199255802261e-05 0.999990871631426
1672332528.10159 0.00266983406618237 0.0011970509076491 0.0010097436606884 0.00315573942620225 -0.00285512316994397 0.000103794024578356 0.999990939362532
1672332528.29913 0.00291977520100772 0.000660484074614942 0.000816214829683304 0.00313731015178364 -0.00291020470802965 9.3424274035183e-05 0.999990839590781
1672332528.49872 0.00233017071150243 0.00094295822782442 0.00121469865553081 0.00319811031710759 -0.00296301491021864 0.000133695015060641 0.999990487334097
1672332528.69826 0.00270399847067893 0.000403870799345896 0.00102926569525152 0.0031766608088328 -0.00294182325500209 0.00015743411053531 0.999990614814231
1672332528.89972 0.00263970578089356 0.000393488619010895 0.00100221578031778 0.00317881626703376 -0.00286699959209426 6.62036613661308e-05 0.999990835486783
1672332529.09801 0.00256789987906814 0.000374237890355289 0.00125759234651923 0.0031331868079752 -0.00294604988469538 0.000124394383805105 0.999990744185435
1672332529.29818 0.00282248109579086 0.000978741911239922 0.000727006583474576 0.00320008972998462 -0.00297870272568775 7.96563153656627e-05 0.999990440159636
1672332529.49965 0.00328726950101554 0.000522123300470412 0.000474566390039399 0.00315791650978429 -0.00289393621258668 9.01905763793813e-05 0.999990822238972
1672332529.69821 0.00288158585317433 0.000662324135191739 0.00122740166261792 0.00312913021072243 -0.0029486249559609 0.000106919373959206 0.999990751318851
1672332529.89892 0.00325697800144553 0.000833951344247907 0.00107120000757277 0.00317104181771264 -0.00292894845174312 7.55143446231216e-05 0.999990679982739
1672332530.0984 0.00283220899291337 0.000912801886443049 0.00115389085840434 0.00316435297478574 -0.00289031085672886 8.90523483740577e-05 0.999990812479336
1672332530.29776 0.00355384591966867 0.00118378910701722 0.00152914691716433 0.00318963929456942 -0.00298630831167003 6.26785390284935e-05 0.999990452072038
1672332530.4975 0.00389155326411128 0.000341339211445302 0.00104207219555974 0.00314857547348831 -0.00300320462501374 8.32597931478257e-05 0.999990530106298
1672332530.69858 0.00259336875751615 0.000916043820325285 0.000605942914262414 0.00311487336687125 -0.00293947545515632 0.000120806543980153 0.999990821184743
1672332530.89995 0.00326517736539245 0.000141889016958885 0.000875616853591055 0.00313832874560148 -0.00289824002318662 5.77020472545234e-05 0.99999087384232
1672332531.09787 0.00274187955074012 0.000856659607961774 0.000696396920830011 0.00314060688023811 -0.00283986546070822 6.68327037283966e-05 0.999991033602791
1672332531.29819 0.00331574352458119 0.000707659113686532 0.00111475330777466 0.00314322304535825 -0.00295635244897639 9.82355707200053e-05 0.999990685196046
1672332531.49872 0.0034476388245821 -0.000121489923913032 0.000784280302468687 0.00311034626560518 -0.00296652372053793 8.46336892944614e-05 0.999990759117434
1672332531.69731 0.00376753974705935 0.000900606624782085 0.000765677657909691 0.00314096921221645 -0.00295700012750801 7.23713659320882e-05 0.999990692569205
1672332531.89848 0.00289250491186976 0.00101135519798845 0.00107246323022991 0.00309135746420323 -0.00285153698336555 8.99180658926202e-05 0.999991152041158
1672332532.10121 0.0031456807628274 0.000647743174340576 0.00173187663313001 0.0031178373214634 -0.00298107150681447 0.000121328086237616 0.999990688747952
1672332532.30174 0.00352730811573565 0.000677423609886318 0.000638014520518482 0.00310175641092734 -0.0029763026553683 6.00559632061977e-05 0.999990758518774
1672332532.49836 0.00309471553191543 0.0013560876250267 0.0018741141539067 0.00318246023824202 -0.00304136456209682 0.000104672933448479 0.999990305499013
1672332532.69778 0.00310930726118386 0.00112898927181959 0.000961172394454479 0.00314764962786867 -0.00287215977355041 7.5291724274747e-05 0.99999091862437
1672332532.89826 0.00250464375130832 0.000397020921809599 0.000583724700845778 0.00309154232669576 -0.00293711070722804 0.000120181540313772 0.999990900610167
1672332533.09839 0.00321660120971501 0.000642707105726004 0.00109433301258832 0.00320425161396516 -0.00295355322261021 7.21687547046887e-05 0.999990501998207
1672332533.29744 0.00318728061392903 0.000684262660797685 0.00115635828115046 0.00315322068460218 -0.00299428404817961 9.44172506913064e-05 0.999990541229134
1672332533.49931 0.00344660109840333 -0.000110605731606483 0.000262429326539859 0.00314460516620758 -0.00289047148619423 4.83190156339073e-05 0.999990877107491
1672332533.69991 0.0027538388967514 0.000467439764179289 0.00117785611655563 0.00315461746959255 -0.0030299685134217 5.65486232038581e-05 0.999990432195069
1672332533.89899 0.00365028157830238 0.00140248180832714 0.000824009242933244 0.00309849198701482 -0.00292925876251111 7.22751742087218e-05 0.99999090674206
1672332534.10119 0.0037442238535732 0.00112095195800066 0.00187889370135963 0.00312244532757196 -0.0029233005986895 7.44082850444593e-05 0.999990849514231
1672332534.29888 0.00375198922120035 0.00105598045047373 0.0012121309991926 0.00309415992449246 -0.00302727546809294 6.86464479550958e-05 0.999990628488721
1672332534.50094 0.00419364543631673 0.00100462592672557 0.00162088184151798 0.00308563792529547 -0.00300100240865824 5.4465865657776e-05 0.999990734885382
1672332534.69932 0.00348296272568405 0.00195956276729703 0.00134552142117172 0.00314641175655647 -0.00298671029631128 0.000116358684128359 0.99999058301332
1672332534.90118 0.00358369830064476 0.000607104739174247 0.000853870296850801 0.00309058315184257 -0.00292834811933425 7.93818057039942e-05 0.999990933344699
1672332535.10111 0.00394676066935062 0.00115885853301734 0.000795101805124432 0.00307644977176457 -0.00298562190874104 8.34920942529609e-05 0.999990807231592
1672332535.3004 0.00378316594287753 0.000732214713934809 0.00132490054238588 0.00313099106272571 -0.00302167071334362 9.73421541679562e-05 0.99999052841793
1672332535.50429 0.00367028778418899 0.000500390655361116 0.00123622140381485 0.00306506622676367 -0.00298679471139512 8.23135401028426e-05 0.999990838783465
1672332535.70054 0.0036932083312422 0.000692714413162321 0.00155039795208722 0.00312969103989254 -0.00296242171310283 6.7947363689164e-05 0.999990712194241
1672332535.90185 0.00323860626667738 0.00108333548996598 0.00137201824691147 0.00309999365122744 -0.0029621831080331 6.6016303744539e-05 0.999990805533953
1672332536.10101 0.0042863953858614 0.000741668394766748 0.000970245630014688 0.00310548990421423 -0.00298073741733724 6.77812214491533e-05 0.999990733228368
1672332536.30139 0.00377400149591267 0.00112104334402829 0.0015416502719745 0.00309399139028025 -0.00297789050093942 5.86225754799419e-05 0.999990777931894
1672332536.49986 0.00393305718898773 0.000499037269037217 0.00151832809206098 0.00310477832755144 -0.00302409540455477 8.45126604237114e-05 0.999990603983923
1672332536.70144 0.0037603210657835 0.000402379635488614 0.0013282586587593 0.00305137438816196 -0.00301452190470917 6.65127458505715e-05 0.999990798631709
1672332536.90019 0.00375083438120782 0.000563652778510004 0.00129415653645992 0.00309699702748062 -0.00297327963336769 9.05665845173597e-05 0.999990779965159
1672332537.10202 0.00366064207628369 0.00126326491590589 0.00135140190832317 0.00309846910837131 -0.00295475321355804 7.13151263940847e-05 0.999990831876365
1672332537.30081 0.00438043009489775 0.000496814725920558 0.000824634684249759 0.00306623439332966 -0.00295991982346028 7.06468230796737e-05 0.999990916003896
1672332537.50128 0.00462433416396379 0.000536891864612699 0.0015983225312084 0.00310529908543229 -0.00293874954315263 4.79497772509888e-05 0.999990859242989
1672332537.70102 0.00426052743569016 0.000886839115992188 0.00180428544990718 0.0031150637772372 -0.00305956002633671 7.76601899373691e-05 0.999990464674041
1672332537.90169 0.0042311237193644 0.000703968573361635 0.00130292144604027 0.00309234752697227 -0.00303560882549709 9.2438116353458e-05 0.999990606916398
1672332538.10047 0.00382534484378994 0.000837283616419882 0.00119659677147865 0.00312119942338279 -0.00303790179735768 7.23314070339391e-05 0.999990511972487
1672332538.29912 0.00412544654682279 0.00110607733950019 0.00129780941642821 0.00308448692744836 -0.00300924052048565 8.35145332840067e-05 0.999990711675467
1672332538.4997 0.00422806199640036 0.00120288575999439 0.00088007835438475 0.00306155911867465 -0.00305020283919234 8.99420406200315e-05 0.999990657470775
1672332538.70156 0.00469427276402712 0.000723384669981897 0.000765200355090201 0.00307263412820181 -0.0030449425284513 5.53128343285818e-05 0.999990642048716
1672332538.90235 0.0043437983840704 0.000945009640417993 0.00252788583748043 0.00314702332966319 -0.00311199903981422 5.715443223642e-05 0.999990204171776
1672332539.09998 0.0045723901130259 0.0013784805778414 0.0016029856633395 0.00312433253199367 -0.00306268880433705 5.56224788184384e-05 0.999990427649014
1672332539.30024 0.00412335060536861 0.00115889229346067 0.000941626552958041 0.00306629405120159 -0.00297387202753774 4.56445494114047e-05 0.99999087587964
1672332539.50166 0.00438598729670048 0.00113464856985956 0.00185204483568668 0.00310953653939357 -0.00304674859547766 6.39784345796271e-05 0.999990521961216
1672332539.69964 0.00481552165001631 0.000643702922388911 0.00118808948900551 0.00306760463470336 -0.00303155750306681 5.90498334092022e-05 0.99999069794375
1672332539.89908 0.00469071231782436 0.000784451025538146 0.00137431919574738 0.003119264256554 -0.00309330674596359 6.45024584366191e-05 0.999990348695079
1672332540.09993 0.0052801282145083 0.00112381717190146 0.00143752829171717 0.00312529503316852 -0.00316249782401907 5.75111618070347e-05 0.9999901138666
1672332540.29886 0.0040946239605546 0.000383446924388409 0.00166613643523306 0.00312889720941513 -0.00304117412998828 8.99954931037667e-05 0.999990476536139
1672332540.49954 0.00490617007017136 0.00119380746036768 0.00132527842652053 0.00310349822961589 -0.00308725111056934 8.52450165589883e-05 0.999990414910366
1672332540.69868 0.00468486500903964 0.000766590121202171 0.00123504595831037 0.00308169991362223 -0.00307529685079237 5.31517956426359e-05 0.999990521379982
1672332540.90084 0.0040034637786448 0.00129623233806342 0.00207692105323076 0.00307465163760783 -0.00307469241283154 6.19638816011047e-05 0.999990544427472
1672332541.10114 0.00565507542341948 0.000873343436978757 0.00169098225887865 0.00311628678185975 -0.00313816864738369 4.85356352759814e-05 0.99999021910143
1672332541.29987 0.00482861418277025 0.00103618134744465 0.000831887184176594 0.0030701172176938 -0.0030906599824743 7.65884621349829e-05 0.999990508122627
1672332541.49878 0.00483083259314299 0.00107686023693532 0.00123705016449094 0.00304323175210282 -0.00311262296994104 7.20301283962878e-05 0.999990522520294
1672332541.70061 0.0048407344147563 0.00104993442073464 0.00155474653001875 0.0030826140311845 -0.00313036620281823 6.5973406380728e-05 0.999990346926249
1672332541.90028 0.00486328965052962 0.00182207755278796 0.00130244833417237 0.00310304933880165 -0.00311495106532185 7.65216769372106e-05 0.999990331107804
1672332542.09885 0.00460314936935902 0.00138756877277046 0.00171854451764375 0.00311821825415324 -0.00310966343400144 9.12955843476132e-05 0.999990299139628
1672332542.30001 0.00471322890371084 0.0014533061766997 0.00178458623122424 0.00312926788142962 -0.0031496111109904 6.80177194203182e-05 0.999990141454387
1672332542.49889 0.00470803957432508 0.00120610592421144 0.00195509498007596 0.00311555238331905 -0.0030921677757515 5.66339353740513e-05 0.999990364265772
1672332542.7005 0.0053642401471734 0.00116641900967807 0.00146948313340545 0.00309392524990979 -0.00314246517913101 4.59212062327703e-05 0.999990275167908
1672332542.89881 0.00473944377154112 0.00142748409416527 0.00179019384086132 0.00311406791326512 -0.00314704466144748 7.60643598371023e-05 0.999990196404517
1672332543.09913 0.0047047701664269 0.00144187512341887 0.00227042729966342 0.00314049594483445 -0.00313808087513091 8.68634303360907e-05 0.999990141045594
1672332543.29801 0.00495492992922664 0.00242458400316536 0.00180614879354835 0.00309539713527118 -0.00315208381867845 0.000103468140539102 0.999990236041592
1672332543.49814 0.00550074269995093 0.00216239597648382 0.0019696441013366 0.00310325161493433 -0.00317691837447848 8.55511238634596e-05 0.99999013480137
1672332543.69826 0.00570926954969764 0.00229255855083466 0.000940214784350246 0.00304691553011033 -0.00311735761579518 4.32859462697834e-05 0.999990498211645
1672332543.89761 0.0053879669867456 0.00125957746058702 0.00124961545225233 0.00305976639529293 -0.00312269311281025 7.06312245599067e-05 0.99999044076859
1672332544.09788 0.0049381167627871 0.00110521842725575 0.00206063804216683 0.00307637083494183 -0.00309685873497212 7.16503909266123e-05 0.999990470091932
1672332544.30081 0.00499314395710826 0.000937290955334902 0.00206384435296059 0.0030604446912452 -0.00317805242168432 0.000118056575777286 0.999990259814435
1672332544.49859 0.00570876337587833 0.000285898422589526 0.00129069050308317 0.00299993681728995 -0.00319637230672357 7.03855739731773e-05 0.999990389268337
1672332544.6994 0.00592152355238795 -0.000973069749306887 0.00202525965869427 0.00308667922577161 -0.00321177388797356 5.82473591261644e-05 0.999990076714312
1672332544.89873 0.0055063683539629 -0.00109811581205577 0.000647759414277971 0.00303045624561183 -0.00310603430981461 9.12789020440706e-05 0.99999058023262
1672332545.09981 0.00483394553884864 -0.000901533116120845 0.000916269782464951 0.00301824361697655 -0.00302116472190462 8.25189025301438e-05 0.999990877938305
1672332545.29856 0.00442223763093352 -0.000772325496654958 0.00142702809534967 0.00307437597369525 -0.00316930975873364 0.000115480068331262 0.999990245128611
1672332545.4988 0.00486938469111919 -0.00121570657938719 0.000893164658918977 0.00298043014781953 -0.00309005322901623 0.000108142536966555 0.999990778413665
1672332545.70034 0.00498882215470076 -0.000333476928062737 0.00112722301855683 0.00301085046267656 -0.00311935475021037 0.000101025083336845 0.999990597055475
1672332545.89988 0.00429465807974339 8.10352648841217e-05 0.00159442098811269 0.00298330357402944 -0.00308749838997365 0.00010070677969652 0.999990778513293
1672332546.09865 0.00583562767133117 -0.000528242497239262 0.000834759382996708 0.00297397855288776 -0.00312333591316676 9.25337873757144e-05 0.999990695787635
1672332546.29895 0.00515785394236445 -0.0002389087312622 0.00192981050349772 0.00299255809294422 -0.00307234058163687 8.2396127999282e-05 0.999990799222817
1672332546.49889 0.00698827765882015 -0.000594702083617449 0.00103425758425146 0.00302927689842274 -0.00325596217275437 8.37340114778822e-05 0.999990107541278
1672332546.69797 0.00559480441734195 9.25285712582991e-05 0.00178129365667701 0.00301550044263139 -0.0031990913997564 8.37837378252118e-05 0.999990332729063
1672332546.89838 0.00656432472169399 -4.75052693218458e-05 0.00190434965770692 0.00302624909306015 -0.00327961237687604 4.04957477761628e-05 0.99999004211001
1672332547.09795 0.00647128326818347 0.000449681159807369 0.00176611298229545 0.00303570127226045 -0.00309789630021628 3.61805930873154e-05 0.999990593079387
1672332547.29803 0.00717452447861433 0.000904063985217363 0.00283365533687174 0.00308369796601491 -0.0032466112571765 2.52657363676635e-05 0.999989974791669
1672332547.49888 0.00613488489761949 0.000810014433227479 0.00206704856827855 0.0030671987772121 -0.00316135033202332 4.10647261971337e-05 0.999990298187651
1672332547.69796 0.00572905642911792 0.000849133124575019 0.0026368647813797 0.00304481277531123 -0.00320667454132306 4.92422989103445e-05 0.999990221916567
1672332547.89871 0.00600850861519575 0.00117037445306778 0.00277183670550585 0.00311630387306201 -0.00320985709376467 2.91402038748364e-05 0.999989992259151
1672332548.09962 0.00522065814584494 0.000926638953387737 0.00251634675078094 0.00308376346746074 -0.00312509157646893 4.72536648258874e-05 0.999990360939848
1672332548.29806 0.00621823873370886 0.0018569438252598 0.00310820899903774 0.00307981480148058 -0.00326511615118233 7.8813924176777e-05 0.999989923722071
1672332548.49825 0.00530437007546425 0.00119971111416817 0.00198011146858335 0.00299026536869366 -0.00316500179147238 8.011452085761e-05 0.999990517284213
1672332548.69869 0.00559480674564838 0.000909655238501728 0.00206508813425899 0.00304258010161078 -0.00330445296960059 6.91351879797693e-05 0.999989909207699
1672332548.89869 0.00662477081641555 0.000983064295724034 0.00240809563547373 0.00304543963109788 -0.00330352391957184 4.07334278101899e-05 0.999989905133024
1672332549.099 0.00551492907106876 0.00199913373216987 0.00259814853779972 0.00308915590889622 -0.00319184882950135 8.07081697784301e-05 0.99999013130281
1672332549.2979 0.00578992906957865 0.0012178864562884 0.0021643394138664 0.00304399203432034 -0.00317804070589166 5.40293341932139e-05 0.999990315578405
1672332549.49829 0.00556645356118679 0.00100176967680454 0.00250372942537069 0.0030783592976429 -0.00323829926158664 8.89615107988753e-05 0.999990014554034
1672332549.69777 0.00507447123527527 0.000937039032578468 0.00194195797666907 0.00304663705694529 -0.00316948472038908 6.01577632591857e-05 0.999990334328434
1672332549.90037 0.00518203619867563 0.000990004045888782 0.0020000075455755 0.00297987411130903 -0.00311511424086025 5.86777760456905e-05 0.999990706442048
1672332550.10223 0.00530051626265049 0.00118191645015031 0.00178408529609442 0.00299854545916117 -0.00312380141564589 5.3700021652055e-05 0.99999062380912
1672332550.2984 0.00591423781588674 0.00103336304891855 0.00199856050312519 0.00305013574332481 -0.00322263303814724 3.87720112994884e-05 0.999990154854027
1672332550.49842 0.00516130728647113 0.00123807659838349 0.00224198121577501 0.00300907465288434 -0.00323705310819558 9.83814211322102e-05 0.999990228591262
1672332550.70147 0.00576461991295218 0.000784426694735885 0.00186536554247141 0.0030340799798766 -0.00318283843278737 3.66705815421259e-05 0.999990331229985
1672332550.89857 0.00638771243393421 0.00128560059238225 0.00235695275478065 0.00305912035487876 -0.00328387451974179 5.47983941083075e-05 0.999989927423236
1672332551.10029 0.00612789625301957 0.00159388594329357 0.00242219353094697 0.00305514457751471 -0.00324299344586422 3.42788834677285e-05 0.999990073905776
1672332551.29895 0.00604032911360264 0.000987465376965702 0.00251429411582649 0.00303340523462336 -0.00327585770622642 3.276331853542e-05 0.999990033018098
1672332551.50265 0.00581879634410143 0.00188226136378944 0.0021241307258606 0.00305708992005368 -0.00324148762693967 4.32845706727733e-05 0.999990072493538
1672332551.6989 0.0057327295653522 0.0012583676725626 0.00151183945126832 0.00303851374400853 -0.00323448473903864 3.83695296574096e-05 0.999990151986748
1672332551.9003 0.00610924791544676 0.00117782200686634 0.00237159989774227 0.00304934640292972 -0.00331028848929007 1.54489436707172e-05 0.999989871567689
1672332552.09797 0.00570871913805604 0.000962759600952268 0.0024213520810008 0.00301135902149592 -0.00324256064437269 4.35158990719487e-05 0.999990207763895
1672332552.30229 0.00572959659621119 0.00100631220266223 0.00261773681268096 0.00306557402259482 -0.00322504895013513 5.67586159420293e-05 0.999990098997805
1672332552.49796 0.00572206871584058 0.000979053089395165 0.00199829181656241 0.00300511686406358 -0.00321709063510646 4.4975521421936e-05 0.99999030874188
1672332552.69791 0.00524113653227687 0.00111690477933735 0.00252081989310682 0.00300608485498324 -0.00319878092795354 6.46877756085703e-05 0.999990363488524
1672332552.89815 0.00596613436937332 0.00160218554083258 0.00234867283143103 0.00302713273993585 -0.00316684580592439 2.85673030954482e-05 0.999990403323415
1672332553.09892 0.00636643543839455 0.00184420309960842 0.00160377786960453 0.00302800610725711 -0.00322505758039624 2.51940386277163e-05 0.999990214726063
1672332553.29999 0.00664958404377103 0.000922321050893515 0.00250400207005441 0.00300010502358799 -0.00330153748446513 2.96872844142109e-05 0.999990049119866
1672332553.50238 0.00609424244612455 0.00162482296582311 0.00207166257314384 0.00303974750894421 -0.0032669261482067 4.44180119634027e-05 0.999990042528257
1672332553.70019 0.00657651526853442 0.00122748943977058 0.00243090884760022 0.0030597046719462 -0.00331901102436849 3.61572959050732e-07 0.999989811134598
1672332553.90134 0.00648997910320759 0.00136568048037589 0.00209226785227656 0.00304319203847582 -0.00322047646087508 3.77236330066522e-05 0.999990182997068
1672332554.10013 0.00568474223837256 0.00105541769880801 0.00209915451705456 0.00300572478359427 -0.00323350579767684 2.72574740510214e-05 0.99999025461042
1672332554.3006 0.00552223855629563 0.00129260146059096 0.00218033231794834 0.00300120052008128 -0.00331112722831994 5.22036911001585e-05 0.999990013203477
1672332554.49791 0.00588775426149368 0.00140936439856887 0.00305445538833737 0.00307056583923266 -0.00329743409221559 8.93651131524308e-05 0.999989845232296
1672332554.7008 0.00619875686243176 0.00113526731729507 0.00147389085032046 0.00300283903396567 -0.00324589509084293 4.35078818854606e-06 0.999990223504143
1672332554.90049 0.00539636984467506 0.00110031617805362 0.00259334035217762 0.00303296183534018 -0.003190653825143 8.52859576399606e-05 0.99999030675151
1672332555.10028 0.00583556992933154 0.0012323142727837 0.00348409335128963 0.00303568729062042 -0.00324216550563763 6.00514800500418e-05 0.999990134631001
1672332555.29852 0.00655332673341036 0.00103611522354186 0.00343749509193003 0.00304619690818623 -0.00329983345267053 2.08871395030866e-05 0.999989915622807
1672332555.49963 0.00646535074338317 0.00140218820888549 0.00325662409886718 0.00304538627177824 -0.00330028980009566 3.57222358157411e-05 0.999989916165965
1672332555.69867 0.00596722913905978 0.00177347264252603 0.00287717208266258 0.00302137294458453 -0.00326553463626642 7.97311516698533e-05 0.999990100567007
1672332555.90209 0.00622890517115593 0.00195916485972703 0.00224014138802886 0.00299107612967416 -0.00327503575300337 1.77730739021885e-05 0.999990163595883
1672332556.09817 0.00618880428373814 0.0021857104729861 0.00280626048333943 0.00305343769324652 -0.0032681786355854 3.51591092883926e-05 0.999989997095219
1672332556.30018 0.00596162397414446 0.00205576536245644 0.00274339620955288 0.00305404950105768 -0.00322888550535277 9.75290209124521e-06 0.999990123443686
1672332556.50039 0.00630520889535546 0.00164699857123196 0.00212686229497194 0.00301266865969295 -0.00328373067871148 2.1854478608979e-05 0.999990070182079
1672332556.69765 0.00667519448325038 0.00170676957350224 0.00266471039503813 0.00303852703509436 -0.00329855311525859 1.82335165196107e-05 0.999989943233602
1672332556.89859 0.00642717769369483 0.00191809330135584 0.00278568873181939 0.00309374286039454 -0.0032837784213695 1.87559200850113e-05 0.999989822549514
1672332557.10013 0.00625870563089848 0.00160543294623494 0.00183165853377432 0.0029725740862681 -0.00322033923795008 4.45281699185832e-05 0.999990395571746
1672332557.29884 0.00617442140355706 0.00210067303851247 0.00305244885385036 0.00303322442807205 -0.00331666136203656 6.02061940929939e-05 0.999989897790069
1672332557.4997 0.00518900621682405 0.00267348904162645 0.00332515686750412 0.00302575930273176 -0.00329274413456734 4.76174648714388e-05 0.999990000124643
1672332557.69957 0.00514386128634214 0.00230662128888071 0.00300512206740677 0.00304804870189066 -0.00330992082502679 4.57853187508288e-05 0.999989875812224
1672332557.90095 0.00340286456048489 0.00238925567828119 0.00242477841675282 0.00297816447052666 -0.00310846248497986 8.97517915660443e-05 0.999990729928024
1672332558.09958 0.00359080359339714 0.00265075732022524 0.00209521478973329 0.00300328311009282 -0.00318146879657182 7.28860427722778e-05 0.999990426571416
1672332558.29885 0.00292536686174572 0.00308710522949696 0.00330172246322036 0.0030587471052677 -0.00315465379573095 6.63032627524158e-05 0.999990343868106
1672332558.49953 0.00344748958013952 0.00495756650343537 0.00330327777191997 0.00307478097645604 -0.00323969728925825 6.47839222341908e-05 0.999990022893461
1672332558.70008 0.00466927187517285 0.00306298257783055 0.00175219099037349 0.00295386708038105 -0.00321880064530743 4.76040261415067e-05 0.999990455817221
1672332558.89947 0.00649390416219831 0.00300916074775159 0.00283457897603512 0.00306066817786922 -0.00334859152138535 -8.94462478958563e-06 0.999989709529614
1672332559.09845 0.00607156101614237 0.00188693252857774 0.00286410888656974 0.00305558565156386 -0.00329395821469 3.59393494515411e-05 0.999989905921039
1672332559.29812 0.00660873576998711 0.00124388979747891 0.00230587436817586 0.00299187592195424 -0.00335641089558813 7.34975382608713e-05 0.999989888840122
1672332559.4977 0.00678034638985991 0.00426707416772842 0.00365254050120711 0.0030849443562962 -0.0033945468890675 8.69098921474251e-05 0.999989476252829
1672332559.69841 0.00694349128752947 0.00289316638372838 0.00283632683567703 0.00304207681313799 -0.00332669227436707 4.76242527778427e-05 0.999989838257922
1672332559.89807 0.00691270222887397 0.00327668339014053 0.00261136027984321 0.0030109215096032 -0.00335598765486161 5.89295262940717e-05 0.999989834061244
1672332560.09741 0.00706335343420506 0.00366184464655817 0.00326407398097217 0.00306605353314531 -0.00340015948553281 3.27074441872692e-05 0.999989518525783
1672332560.29802 0.00755484728142619 0.00319482106715441 0.00186984008178115 0.00303069932804741 -0.0033403689260313 3.78677685662951e-05 0.999989827629788
1672332560.50007 0.00686992378905416 0.00357774132862687 0.00300392042845488 0.00304548213716718 -0.00343676361629017 5.59673878508516e-05 0.999989455225429
1672332560.69803 0.00632411427795887 0.00389042031019926 0.0031180502846837 0.0030479733020609 -0.00331672672096527 4.82211496468725e-05 0.999989853377188
1672332560.89942 0.00640307692810893 0.00468000955879688 0.00353725953027606 0.0030801312730182 -0.00337073017051303 3.60882727192823e-05 0.999989574779205
1672332561.09748 0.00650059292092919 0.00478856591507792 0.0034799559507519 0.00309230003413826 -0.00335181786740286 5.26872972723541e-05 0.999989600056686
1672332561.29891 0.00588730629533529 0.00292213959619403 0.00327604962512851 0.00302660554961546 -0.00325346759247104 2.72649525559191e-06 0.999990127251283
1672332561.49703 0.00566163565963507 0.00341447070240974 0.00294893980026245 0.00302181391706442 -0.00329908941692534 3.58928296118948e-05 0.999989991630604
1672332561.69745 0.00635009026154876 0.00389110343530774 0.00317356339655817 0.00303157503669657 -0.00331219708208621 4.86323983967659e-05 0.999989918218267
1672332561.89772 0.00620642444118857 0.00436950800940394 0.00319511047564447 0.00304440733663361 -0.00335106693112918 7.93009046220017e-05 0.999989747770325
1672332562.09877 0.0058327428996563 0.0041584256105125 0.00328569184057415 0.00303080147366884 -0.00325055278290924 -6.5572504276875e-06 0.99999012400425
1672332562.29789 0.00652732094749808 0.00428326893597841 0.00283843302167952 0.00307280813731706 -0.00332663372508052 1.67488730885886e-05 0.999989745486265
1672332562.49691 0.00645767664536834 0.00470580067485571 0.00337862223386765 0.00310189257859648 -0.00324866747536876 5.29949808261616e-05 0.999989910755902
1672332562.69887 0.0073988432995975 0.00567233934998512 0.00344842555932701 0.00305337996831517 -0.00341806045296974 0.000112477399768951 0.999989490485947
1672332562.89702 0.00686363596469164 0.00511319143697619 0.00327506638132036 0.00308446006188231 -0.00335252915990113 8.59360645393177e-05 0.999989619580799
1672332563.0976 0.00633179070428014 0.00488941231742501 0.00313185784034431 0.00302117867860113 -0.00324502992668177 7.75099674434302e-05 0.999990168077853
1672332563.30398 0.00623912923038006 0.00443380139768124 0.00291354930959642 0.00297695467593745 -0.00343873119469874 0.000112027640024303 0.999989650105658
1672332563.50327 0.00643949676305056 0.00512798363342881 0.00274884956888855 0.00299732336303032 -0.00328949821602397 7.7504626165245e-05 0.99999009457453
1672332563.69948 0.00629369169473648 0.0048050438053906 0.00317843840457499 0.00307052706901836 -0.00333462305022452 0.000126791834623231 0.999989717985371
1672332563.89729 0.00631088716909289 0.00497086020186543 0.00356509862467647 0.00307786966558305 -0.00329893057384441 3.76332763041528e-05 0.999989821127759
1672332564.09802 0.00627908948808908 0.00361465709283948 0.00234038918279111 0.00302887887041068 -0.00329140427441735 4.73219563352293e-05 0.999989995105613
1672332564.29657 0.00647167069837451 0.00378438387997448 0.00271482742391527 0.00295976191990844 -0.00329161737568061 2.69360977861076e-05 0.999990202121439
1672332564.49731 0.005828189663589 0.00285911886021495 0.00247555412352085 0.00295077315375575 -0.0032172383055027 2.73810818676624e-05 0.999990470737475
1672332564.69697 0.00573222897946835 0.00359977059997618 0.00216123880818486 0.00299960750036595 -0.00324699156172111 5.97426006412431e-05 0.999990227867985
1672332564.8969 0.00592766469344497 0.00334388110786676 0.00222841533832252 0.0029871492313588 -0.00325602136860085 6.40234458237865e-05 0.999990235534985
1672332565.10021 0.00632965937256813 0.00398188270628452 0.00267111789435148 0.00302531205221744 -0.00333133746448292 9.5707792169752e-05 0.999989870207545
1672332565.30052 0.00568176619708538 0.0043896222487092 0.00283448351547122 0.00299564192444927 -0.00330932854919109 8.06739713412595e-05 0.999990033933201
1672332565.5007 0.00666826637461782 0.00328250601887703 0.00291994889266789 0.00302674284533323 -0.00329711968100351 8.37734799205118e-05 0.999989980355584
1672332565.69881 0.00658916728571057 0.00413031876087189 0.00317294080741704 0.00297480926250766 -0.00333273486662336 9.92136235872916e-05 0.999990016722576
1672332565.89998 0.0060469089075923 0.00412639183923602 0.00288712303154171 0.00296221504304253 -0.00331431913567158 7.12993506791952e-05 0.999990117694724
1672332566.09801 0.00642626639455557 0.00436603417620063 0.00375906750559807 0.00302573382270668 -0.00332070484678993 7.19772975880782e-05 0.99998990628577
1672332566.29831 0.00690042413771152 0.0040807668119669 0.00246632052585483 0.0030041607818226 -0.00337037207440813 5.43362122605322e-05 0.999989806276871
1672332566.49918 0.00617201719433069 0.00448734778910875 0.00344580039381981 0.00305988730839812 -0.00333357478436197 0.000103398866410785 0.999989756786284
1672332566.69961 0.00659078825265169 0.00400351127609611 0.00289233098737895 0.00303877799454179 -0.00337522663203386 8.07903350017692e-05 0.999989683519987
1672332566.89752 0.0064828647300601 0.00418319832533598 0.00361449387855828 0.00304122890039857 -0.00334762813099384 7.9797954858887e-05 0.999989768920142
1672332567.09778 0.00628403108566999 0.00448650913313031 0.00351300346665084 0.00302462630902636 -0.00337667036193695 0.000101153394133108 0.999989719697632
1672332567.29878 0.00760224973782897 0.00482725817710161 0.00372955109924078 0.00303991745768895 -0.00339948840431869 6.51663659911168e-05 0.999989599012802
1672332567.49951 0.00698351161554456 0.00525719439610839 0.00297835818491876 0.00297804658094371 -0.00330868750315015 7.9628166941013e-05 0.999990088693345
1672332567.69791 0.00730850547552109 0.00455387867987156 0.00318411481566727 0.00304010653588834 -0.00328950978566352 3.39170030625718e-05 0.999989967813306
1672332567.89809 0.00658310111612082 0.00462992303073406 0.00231034541502595 0.00300649826780856 -0.00330504529647831 8.25442685259827e-05 0.999990015365252
1672332568.09854 0.00637924345210195 0.00509698456153274 0.00333364587277174 0.0030490718604692 -0.00333351144850736 0.000117019663711425 0.999989788532168
1672332568.29776 0.0066774245351553 0.00443867966532707 0.00336420559324324 0.00301605019082892 -0.00323051994258241 6.17178072860742e-05 0.999990231638819
1672332568.49821 0.00655706226825714 0.00476411078125238 0.00326176709495485 0.00305189790444225 -0.00334431889524841 7.72713104796449e-05 0.999989747687171
1672332568.69831 0.00686493888497353 0.00443025585263968 0.00277180108241737 0.00297123642901444 -0.00331617747325854 6.65276970286556e-05 0.999990085098404
1672332568.89956 0.00758530991151929 0.00463707512244582 0.00267536449246109 0.00299398688742131 -0.00334364392394626 9.53678908894512e-05 0.999989923445628
1672332569.09775 0.00718101346865296 0.00407313741743565 0.00335046742111444 0.00300963399446107 -0.00340209845611016 7.89404697514032e-05 0.999989680745615
1672332569.30025 0.00708354450762272 0.00457934243604541 0.00282734516076744 0.00298888886582846 -0.00335392370193287 8.47345508113337e-05 0.99998990522865
1672332569.49698 0.00683310255408287 0.00477601448073983 0.00320624699816108 0.00299319536531806 -0.00342721214420099 6.05225065514896e-05 0.999989645614118
1672332569.70071 0.00688003050163388 0.00418208399787545 0.00384847889654338 0.00304232305812168 -0.00344216967141512 6.48267749365742e-05 0.99998944571223
1672332569.89824 0.00706916954368353 0.00499500101432204 0.00260693021118641 0.00296541217542893 -0.00328200284182382 7.34763702729381e-05 0.999990214646723
1672332570.09758 0.00695228157564998 0.00468894885852933 0.00357485562562943 0.00300948250012835 -0.00341798340191843 0.000112182244808815 0.999989623856013
1672332570.29875 0.00694399233907461 0.00444351974874735 0.00312330015003681 0.00301727328915371 -0.00338159882462976 0.000100247530013338 0.999989725348076
1672332570.49772 0.00672964565455914 0.00479607842862606 0.00333661632612348 0.0030363202094575 -0.00331076117353536 0.000100733092238324 0.999989904685483
1672332570.69714 0.0067757093347609 0.00400293990969658 0.00283179292455316 0.00296624895456596 -0.00333103909136991 8.00276851448773e-05 0.999990049521134
1672332570.89825 0.0066979331895709 0.0048199500888586 0.00328472116962075 0.00303248585619996 -0.00331524092942328 9.72832281631388e-05 0.999989901820556
1672332571.09811 0.0068492628633976 0.00451989006251097 0.00305361673235893 0.00294555092526379 -0.00328512789144379 8.70287734674499e-05 0.999990261997824
1672332571.29779 0.0069584702141583 0.00435945065692067 0.00309430249035358 0.00298388196636035 -0.00333811775426412 7.69086716560095e-05 0.9999899737014
1672332571.49642 0.00728896399959922 0.00514115300029516 0.00330519303679466 0.00299446739806732 -0.00333063986014224 0.000108891499916284 0.999989964022522
1672332571.69612 0.00598177406936884 0.0047979443334043 0.00281527568586171 0.00301340604498159 -0.00331287605656264 0.000104717722163249 0.999989966584886
1672332571.89825 0.00627884222194552 0.00426690140739083 0.00291289435699582 0.00304671724747223 -0.00331606777577532 8.86767549810517e-05 0.999989856621033
1672332572.09868 0.00627531483769417 0.00544296437874436 0.00317187001928687 0.00300657144985309 -0.00332327302886871 0.000121298009033451 0.999989950785149
1672332572.29727 0.00676071830093861 0.00524448556825519 0.00337272952310741 0.0030795133260336 -0.00330289038676522 9.48343085063111e-05 0.999989799207583
1672332572.49759 0.00661167921498418 0.00390435638837516 0.00283191446214914 0.00302404877643216 -0.00337626494956539 0.000114432937999626 0.99998972138172
1672332572.69663 0.00645086308941245 0.00441467249765992 0.00322513654828072 0.00296756611084389 -0.00338911449461164 8.63311652140862e-05 0.999989849949113
1672332572.89689 0.00703060766682029 0.00481421919539571 0.00316542247310281 0.00299794082923758 -0.00332267205289417 0.000111224079391102 0.999989979865007
1672332573.09867 0.00718375155702233 0.00449571199715137 0.00273416400887072 0.00299610498103183 -0.00333680358084879 8.37340566052512e-05 0.999989940992115
1672332573.29689 0.00729060685262084 0.00476819649338722 0.00380644435063004 0.00308606142139329 -0.00346001893934849 9.02302226456253e-05 0.999989248118373
1672332573.49817 0.00688238302245736 0.00519185140728951 0.00354590709321201 0.00302504117810859 -0.00344557474880313 0.000126430931830826 0.999989480522541
1672332573.698 0.0072866384871304 0.00418516341596842 0.00337435770779848 0.00304825224252958 -0.00339376402822996 9.89349765812343e-05 0.999989590313748
1672332573.8967 0.00694672763347626 0.00493366923183203 0.0030266351532191 0.00305263593363492 -0.00341510259252795 0.000113183361124574 0.999989502783737
1672332574.09639 0.00701348530128598 0.00458684517070651 0.00232657883316278 0.00301159972267851 -0.00337220837478722 0.000108359517705609 0.999989773315709
1672332574.2968 0.00733556365594268 0.00482763955369592 0.00397673854604363 0.00303824111301899 -0.00340533160850711 9.81971818635121e-05 0.999989581528172
1672332574.49684 0.00727672455832362 0.00414100335910916 0.00296562258154154 0.00303449126563266 -0.00335095442913272 9.23560947501256e-05 0.999989777166509
1672332574.69774 0.00723946094512939 0.00446949386969209 0.00337552791461349 0.003026206154138 -0.00348457684514336 0.000127081383207103 0.999989341768624
1672332574.89613 0.00752635672688484 0.00417742412537336 0.00378355965949595 0.00301322950745086 -0.00347679476438323 8.96273713519551e-05 0.999989412100466
1672332575.09897 0.00685192085802555 0.0049745156429708 0.00322730606421828 0.00304575912153898 -0.00338448448645208 0.000129311030923347 0.999989625893585
1672332575.29782 0.00732213584706187 0.00433811591938138 0.00286797806620598 0.00298807010185089 -0.00330668814514512 0.000115254937999114 0.999990061934056
1672332575.497 0.00681870942935348 0.00438784807920456 0.00318854092620313 0.00302789449975182 -0.00340088472736002 0.000132968065394983 0.999989624024901
1672332575.69887 0.00746730389073491 0.00416386453434825 0.00302747031673789 0.0030154328242246 -0.00337240235589936 6.41317233295583e-05 0.999989764924799
1672332575.89744 0.00729311862960458 0.00449815066531301 0.00369931943714619 0.00294618416605581 -0.00335839140599642 8.11818952751487e-05 0.999990017257934
1672332576.09814 0.00684497179463506 0.00501378206536174 0.00328794773668051 0.00296191158925998 -0.00337192387950074 0.000134843765017628 0.999989919462315
1672332576.29749 0.00639743963256478 0.00459414161741734 0.00340322218835354 0.003014079571572 -0.00332976413694179 0.000151450615380081 0.99998990247794
1672332576.49768 0.00743440538644791 0.00452935509383678 0.00302028725855052 0.00294351558525257 -0.00342615387464698 0.000104582831394431 0.999989793071938
1672332576.69591 0.00764533970504999 0.00476965541020036 0.00298424228094518 0.00300736884403939 -0.00342907735340249 8.35887031669985e-05 0.999989595032903
1672332576.89701 0.0074783586896956 0.00473625678569078 0.00306691927835345 0.0030167474501806 -0.00343465837287741 8.00938371748036e-05 0.999989547916207
1672332577.0961 0.0074077770113945 0.0048518986441195 0.00343882222659886 0.00300302398444999 -0.00350369798556542 0.000115202384855941 0.999989346281142
1672332577.29693 0.00704457238316536 0.00444768276065588 0.00361441704444587 0.00302249908197107 -0.00345325996629587 0.000118300240308095 0.999989462694462
1672332577.49653 0.00773077784106135 0.00487629137933254 0.00411261897534132 0.00301335387296946 -0.00346204144782518 0.000104545974426153 0.999989461463264
1672332577.69581 0.00739224348217249 0.004325314424932 0.00332196219824255 0.0029756980654407 -0.00336268547338817 9.85587736791854e-05 0.999989913875934
1672332577.89801 0.00746689364314079 0.00475430488586426 0.00347998086363077 0.00296159036641404 -0.00338712362775868 9.37750005985038e-05 0.99998987373987
1672332578.09678 0.00749453203752637 0.00412079552188516 0.00343485083431005 0.00295255318103793 -0.00342818144894547 0.000130210747200567 0.999989756470949
1672332578.29658 0.00750400777906179 0.00461623724550009 0.00365989725105464 0.00300660595782091 -0.00340837994375706 0.000111938397082896 0.999989665314881
1672332578.49653 0.00725233927369118 0.00477264169603586 0.00304918386973441 0.00295772192600057 -0.00338593060796019 0.000109392811411603 0.99998988764294
1672332578.69675 0.00773202627897263 0.00523316534236073 0.00372902140952647 0.00299581214003554 -0.00345037246039455 0.000142250756477974 0.999989549847511
1672332578.89832 0.00729913357645273 0.00426264060661197 0.00337870884686708 0.00298621699644723 -0.00343164639296565 8.31757294229788e-05 0.999989649642876
1672332579.096 0.00742278527468443 0.0048284325748682 0.00325228995643556 0.00299112956837202 -0.00343704464386202 0.000104281379644852 0.999989614442778
1672332579.29755 0.00752712041139603 0.00412080064415932 0.00344111095182598 0.00290321435858796 -0.00343338890585416 7.22682256354578e-05 0.99998988893104
1672332579.49763 0.00721893506124616 0.00477029336616397 0.00382640305906534 0.00302826913345713 -0.00342286201923669 0.000103820278972044 0.999989551356914
1672332579.69569 0.00736233126372099 0.00475464761257172 0.0028354951646179 0.0029493357837257 -0.00338473048906223 7.64752714397801e-05 0.999989919533934
1672332579.89734 0.0073531805537641 0.00494804279878736 0.00357004092074931 0.00298681854380105 -0.00346025389209535 0.000127329126930277 0.999989544617984
1672332580.09726 0.00782443769276142 0.00432002451270819 0.0030803675763309 0.00296780514359787 -0.00350345213587989 0.000131739140328169 0.999989450244631
1672332580.29598 0.00690921396017075 0.00415917066857219 0.00350042409263551 0.00298715291168917 -0.00344160693901357 0.000102696528309677 0.999989610802324
1672332580.49659 0.00700788618996739 0.00423070695251226 0.00338870985433459 0.00295879598874009 -0.00341254501311135 0.000117450220653403 0.999989793082047
1672332580.6956 0.00699639320373535 0.00439372099936008 0.00344012770801783 0.00294183259717838 -0.00345134968720404 8.9569362798982e-05 0.999989712838905
1672332580.89527 0.0074488976970315 0.00475085200741887 0.00363921746611595 0.00300373980486564 -0.00341176036542388 0.000105150047968775 0.999989663137505
1672332581.09662 0.00743780983611941 0.00481509696692228 0.00340027292259037 0.00295972134257601 -0.00344202778536012 8.10905724910622e-05 0.999989692906191
1672332581.29556 0.00730323046445847 0.00459394929930568 0.00354316248558462 0.00291833180790656 -0.00342915125636206 9.71263975634723e-05 0.999989857362355
1672332581.49682 0.00749804498627782 0.00445904908701777 0.00348275084979832 0.00297219595711553 -0.00343705699956365 0.000122972811921863 0.999989668730663
1672332581.69842 0.00794755574315786 0.0047036106698215 0.0036069736815989 0.00296699552247596 -0.00347509141279309 0.000129855927735705 0.999989551852758
1672332581.89578 0.00824329257011414 0.00438224943354726 0.00309346313588321 0.00293012053458092 -0.00341539088631169 9.00554652767916e-05 0.999989870643078
1672332582.09781 0.00788319669663906 0.0042414516210556 0.00334566039964557 0.00293030153642792 -0.0034204168887297 8.9927400198601e-05 0.999989852945656
1672332582.29594 0.00710255932062864 0.00502140121534467 0.00327430083416402 0.00290130949112876 -0.00344173161362817 0.000130438521838068 0.999989859884853
1672332582.49525 0.00697274086996913 0.00494745140895247 0.00331727950833738 0.00292007001085772 -0.003387697260398 0.00012521042965504 0.99998999046028
1672332582.69572 0.00734218582510948 0.00545822083950043 0.00360890082083642 0.00298338552475556 -0.00343891902656177 0.000125488038452958 0.999989628695964
1672332582.89692 0.00717678107321262 0.00487469788640738 0.0040339301340282 0.00293206062495649 -0.00349379286980534 9.45675461702508e-05 0.999989593690281
1672332583.09622 0.00784020498394966 0.00461468938738108 0.00367180746980011 0.00298701210398551 -0.00341715627910183 9.06907181201393e-05 0.999989696235341
1672332583.29703 0.00823622941970825 0.00396104482933879 0.00350263761356473 0.00293486787977124 -0.00347177690894834 0.00010773653514932 0.999989660800781
1672332583.49599 0.00798987597227097 0.00479028793051839 0.0035892182495445 0.00301160260396085 -0.00347764120170714 8.31425570559209e-05 0.999989414618346
1672332583.69701 0.00708491913974285 0.00456070294603705 0.00366791966371238 0.00293426387049171 -0.00340643159911984 0.000112075213828798 0.999989886828085
1672332583.89505 0.00734426267445087 0.00434106681495905 0.0036901484709233 0.00299753241032726 -0.00344977867403372 0.000120990353400162 0.999989549539336
1672332584.09609 0.00773090869188309 0.00547296507284045 0.00399643834680319 0.00295768566358818 -0.00345193826257402 8.63162522662702e-05 0.999989664330213
1672332584.29681 0.00695608602836728 0.00423626415431499 0.00446683075278997 0.0029461791663138 -0.00344879596975715 7.97429233468948e-05 0.999989709684927
1672332584.49556 0.00702224066480994 0.00430052168667316 0.0036833097692579 0.00290537455788204 -0.00339482153980944 0.000141615750612612 0.999990006915254
1672332584.69624 0.00748602673411369 0.00442574266344309 0.00324741727672517 0.00297888582569236 -0.00342065178988798 9.09786812233279e-05 0.999989708498767
1672332584.89569 0.0075261159799993 0.00473423860967159 0.00338208372704685 0.00294571844157877 -0.00347467714889304 6.98729941172536e-05 0.99998962218582
1672332585.09636 0.00721396179869771 0.00421544210985303 0.00322038098238409 0.00293625462395266 -0.00334958742534499 7.11028062728004e-05 0.999990076759392
1672332585.29885 0.00767691526561975 0.00486973114311695 0.00389145920053124 0.00297277971414564 -0.00348778625208029 8.06672335157591e-05 0.999989495655144
1672332585.49658 0.00754873687401414 0.00484645133838058 0.00358940567821264 0.00289611811239668 -0.00344202519044291 0.000104370224539768 0.999989876983424
1672332585.69539 0.00753205409273505 0.00500674126669765 0.00398260587826371 0.0029891699979225 -0.00341169661111026 0.000127177294776629 0.999989704454447
1672332585.89578 0.00804205611348152 0.00471131363883615 0.00384904490783811 0.00291381308112182 -0.00342787881703009 5.61148121395607e-05 0.999989878044409
1672332586.09487 0.00749440165236592 0.00528739718720317 0.00369301810860634 0.00294566818704207 -0.00343752493074474 9.00170319795358e-05 0.999989749126568
1672332586.29776 0.00768988858908415 0.00517163937911391 0.00330854440107942 0.00294218927192952 -0.00342514973022324 9.22613460095797e-05 0.999989801627725
1672332586.49666 0.007811747957021 0.00458099320530891 0.00360874435864389 0.0029358029990301 -0.00341932459640992 5.33232247945098e-05 0.999989843166764
1672332586.69596 0.007650475949049 0.0042537497356534 0.00363423698581755 0.00295307449240894 -0.003433391099252 5.09996477802166e-05 0.999989744235229
1672332586.89731 0.00767505588009953 0.00545518472790718 0.00371564272791147 0.00297238708069637 -0.00346407288824004 0.000103025288104161 0.999989577195611
1672332587.0975 0.0075861606746912 0.00529554579406977 0.00266840937547386 0.00294154885364153 -0.00343916977199833 0.00012222445138463 0.999989752178893
1672332587.29567 0.00724152708426118 0.00437925942242146 0.00375501974485815 0.00296689928195051 -0.00344063104715171 0.000114584701440764 0.999989673165175
1672332587.49557 0.00743704056367278 0.00450519612058997 0.00250021740794182 0.00291897478871617 -0.00343413262446959 8.10055947049516e-05 0.999989839827082
1672332587.69814 0.00718327658250928 0.00521839130669832 0.00416160188615322 0.00291939475435915 -0.00344269008061216 0.000129485729203531 0.999989804074383
1672332587.89599 0.00695406831800938 0.00503535754978657 0.00310059380717576 0.00289479867480031 -0.00341321873967894 9.21039838698688e-05 0.999989980747469
1672332588.09645 0.00645471410825849 0.00529935024678707 0.00338299875147641 0.0029144285528352 -0.00338354924034611 0.000128121248567751 0.999990020593053
1672332588.2976 0.00727108074352145 0.00513865519315004 0.00295742251910269 0.00286875665382431 -0.00335750230715574 9.98022708517009e-05 0.99999024367892
1672332588.49757 0.00723571144044399 0.00604110071435571 0.00295211770571768 0.00293118408433197 -0.00336021230445425 9.49950250896908e-05 0.999990054005078
1672332588.69767 0.0070829140022397 0.00432978104799986 0.00333803705871105 0.00291289360391378 -0.00336881990090343 0.000103971610152733 0.999990077597389
1672332588.89789 0.00754247652366757 0.00453919591382146 0.00401156954467297 0.00294174970840433 -0.00344435833164403 0.000121050862461408 0.999989733872816
1672332589.09741 0.00770240277051926 0.00451799808070064 0.0029297259170562 0.00292221295799374 -0.00335111375382434 0.000154465445392826 0.99999010337526
1672332589.29802 0.00660128844901919 0.00457644881680608 0.00296537159010768 0.00285057505375579 -0.00333400494030043 0.000124114125174851 0.999990371567949
1672332589.49677 0.00737945083528757 0.00492997700348496 0.00305387284606695 0.00292978605550648 -0.00343018614751189 0.000121993975337163 0.999989817595226
1672332589.6956 0.00818376336246729 0.00470402417704463 0.00336041604168713 0.00297992536176367 -0.0034523517932852 0.000135125619409168 0.999989591472332
1672332589.89784 0.00695951236411929 0.00419509503990412 0.00311158923432231 0.00284638751030906 -0.00335784577658065 0.000146472048253943 0.999990300700872
1672332590.09613 0.00748989777639508 0.00380568811669946 0.00287116668187082 0.00288487149144867 -0.0034142612167849 9.72773086582206e-05 0.999990005387027
1672332590.29671 0.00716165779158473 0.00335149862803519 0.00268442509695888 0.00283877538987081 -0.0033762212778445 9.2839888028771e-05 0.999990266885095
1672332590.49712 0.00690204044803977 0.00347867468371987 0.0024643624201417 0.00283845788402457 -0.00336735370504137 5.39656766643997e-05 0.999990300539746
1672332590.69532 0.00678773364052176 0.00265847356058657 0.00329887634143233 0.00281785592633028 -0.00336560642532691 5.31769297940585e-05 0.999990364730372
1672332590.89585 0.00661025149747729 0.00245836237445474 0.00268343649804592 0.00283431083439203 -0.00330625445524265 4.23396272462265e-05 0.999990516740498
1672332591.09534 0.00814482476562262 0.00356727046892047 0.00332499924115837 0.00292994671902424 -0.00348773163101411 6.4816212021833e-05 0.999989623415739
1672332591.29558 0.00686056585982442 0.00329660973511636 0.00378657295368612 0.00290095287585765 -0.00338529188045775 7.0589697359113e-05 0.99999005959479
1672332591.49513 0.00732770562171936 0.00316173210740089 0.00278107589110732 0.00290693749958281 -0.00342224528972606 7.4795347967968e-05 0.999989916127761
1672332591.69614 0.00699797226116061 0.00344731542281806 0.00342232268303633 0.00285938202146288 -0.00338657211963218 8.96668239196741e-05 0.999990173463517
1672332591.89553 0.0066233710385859 0.00271931453607976 0.00273280218243599 0.00282088459461743 -0.00332060394077227 9.98093985334012e-05 0.999990503073732
1672332592.096 0.00750105548650026 0.00253639090806246 0.00288573675788939 0.00286356553900077 -0.00341572612710186 3.57441591437298e-05 0.999990065715547
1672332592.29658 0.00839711260050535 0.00359565927647054 0.00234850426204503 0.00283751368625269 -0.00345178682894496 9.01561379637114e-05 0.999990012727947
1672332592.49584 0.00741001823917031 0.00374515238218009 0.00298629817552865 0.00289616648300077 -0.00336268420972518 0.000141149516097399 0.999990142277124
1672332592.69703 0.00773764727637172 0.00361642031930387 0.00266248290427029 0.00283657812394878 -0.00349223460701839 0.000137365928420135 0.999989869574986
1672332592.89559 0.00825020298361778 0.00393991032615304 0.00310165644623339 0.0029175956810008 -0.00344177750955752 0.000158250037014763 0.999989808328036
1672332593.09575 0.00828013848513365 0.00329723698087037 0.00380736356601119 0.00289775901499203 -0.00350258893915659 0.000124342236633869 0.99998965964775
1672332593.29652 0.00743976049125195 0.0029105911962688 0.0037256577052176 0.00285544924563341 -0.00346894438546717 0.000106590021985367 0.999989900685514
1672332593.49534 0.00749777536839247 0.0036271985154599 0.00345520419068635 0.00288234147959839 -0.00344550429976624 0.00011324870549383 0.999989903840257
1672332593.69523 0.00754232797771692 0.00520418351516128 0.00398485455662012 0.00292857652984181 -0.00355661777494903 0.00013256072241754 0.999989378112171
1672332593.89679 0.0072089908644557 0.00513899046927691 0.00352107034996152 0.00290269914705103 -0.00345188313831732 0.000128973613149507 0.999989821051329
1672332594.09583 0.00828526634722948 0.00577885424718261 0.00412600161507726 0.00291296699710257 -0.00352477616883339 0.000124496778440269 0.999989537483661
1672332594.29627 0.00806118920445442 0.00528424652293324 0.00334641081281006 0.00290276194808557 -0.00344954378565648 0.000109113560313099 0.999989831305786
1672332594.49633 0.00676492787897587 0.00500807678326964 0.00311294849961996 0.00288499302011392 -0.00335139603952961 0.000119251717907086 0.999990215321574
1672332594.69738 0.00722725316882133 0.00462857400998473 0.00313974916934967 0.00289957302905618 -0.00349859955192847 9.85179597999996e-05 0.999989671232476
1672332594.89572 0.00743423774838448 0.00471552228555083 0.00363233080133796 0.00284633959244804 -0.00345839283124407 8.09394838418595e-05 0.99998996560903
1672332595.09596 0.00765937985852361 0.00468931533396244 0.00384139991365373 0.00289468417601536 -0.00353167800253896 0.000132361208244973 0.999989565212817
1672332595.29551 0.0075208842754364 0.00444519054144621 0.00323188258334994 0.00294060140911488 -0.00348553736224881 0.000107958192073366 0.999989596064718
1672332595.49671 0.00722595164552331 0.00439265370368958 0.00394729478284717 0.00294244317647902 -0.00348653956927692 0.0001055661493063 0.999989587408675
1672332595.69796 0.00737926969304681 0.00462503079324961 0.00366711453534663 0.00288453670390211 -0.00348253265158992 6.78152811336467e-05 0.999989773355419
1672332595.89649 0.00716924061998725 0.00510446401312947 0.00292290328070521 0.0028394896809203 -0.00351639725850119 9.08999747258514e-05 0.999989781940729
1672332596.09686 0.00746638840064406 0.00483998749405146 0.00315940077416599 0.00287212153629006 -0.00347749041780361 8.60849228885654e-05 0.999989825232067
1672332596.29603 0.0076940692961216 0.00476310681551695 0.00351617974229157 0.00293697707051323 -0.00349048818844225 6.20419593344073e-05 0.999989593350195
1672332596.49582 0.00778767559677362 0.00492336042225361 0.00301559013314545 0.00290920605570363 -0.00349855334242879 9.0098842724946e-05 0.999989644209796
1672332596.69525 0.00759805971756577 0.00484092673286796 0.00348160415887833 0.00285265135019377 -0.00346783476297045 8.02217380673985e-05 0.999989914982548
1672332596.89591 0.00754890823736787 0.004865444265306 0.00337727949954569 0.00287041195479885 -0.00347480585180856 0.000113480106032132 0.999989836739238
1672332597.09558 0.00686611561104655 0.00449371291324496 0.00295262131839991 0.0028388344763438 -0.00343438509133033 9.28284502707889e-05 0.999990068651054
1672332597.29731 0.00743370270356536 0.00470036081969738 0.00362084154039621 0.00284515236350132 -0.00348481962320602 0.000107859716949239 0.999989874701991
1672332597.49584 0.00767477881163359 0.00440781796351075 0.00427165115252137 0.00295013424016069 -0.00352750235877859 8.49415696060038e-05 0.999989423054066
1672332597.69518 0.00742233032360673 0.00486499955877662 0.00284230872057378 0.00286526228505367 -0.00344200602275851 0.000100131505456451 0.999989966369793
1672332597.89544 0.00735587067902088 0.00481010694056749 0.00307297450490296 0.00288680705075398 -0.00340967164443096 0.000102308049254197 0.999990014958845
1672332598.09598 0.00731203611940145 0.00431471224874258 0.00393088767305017 0.00291314663769015 -0.0034842751122897 0.000108186771074699 0.999989680796373
1672332598.29467 0.00795002654194832 0.00437921565026045 0.00368502270430326 0.00290972875979823 -0.00354611881887003 6.4751588824653e-05 0.999989477108184
1672332598.49525 0.00747715355828404 0.00445513287559152 0.00390872871503234 0.00288288841095912 -0.00343998183669653 7.42042408395161e-05 0.999989924935798
1672332598.69533 0.00791674107313156 0.00428319536149502 0.00321160187013447 0.00284106128584699 -0.00344312243865155 7.98391600074879e-05 0.999990033402509
1672332598.89568 0.00720809167250991 0.00506770936772227 0.00349469017237425 0.00286542276340362 -0.00347904865379148 0.000110106592760336 0.999989836673048
1672332599.0952 0.00674656871706247 0.00472510466352105 0.00310722994618118 0.00283106599955133 -0.00337550400849361 0.000121249913401034 0.999990288121066
1672332599.29662 0.00817477609962225 0.00426633097231388 0.0037882428150624 0.00294220474953889 -0.00355955134979751 4.87672476327539e-05 0.999989335266709
1672332599.49551 0.00755298137664795 0.00444700429216027 0.00380037305876613 0.00286164461491192 -0.00348117387941466 8.90994080022488e-05 0.999989842188317
1672332599.69573 0.00749011803418398 0.00455829966813326 0.00310444948263466 0.00285495378070914 -0.00338422620875025 6.32539119027429e-05 0.999990196077352
1672332599.89486 0.00759034277871251 0.00462745036929846 0.00348417437635362 0.00289844824796964 -0.00351627972987118 0.000116713923932514 0.999989610522267
1672332600.09631 0.00793975684791803 0.00419607106596231 0.0036367115098983 0.00290676272393974 -0.0035250164988325 7.0811597409594e-05 0.999989559932936
1672332600.29693 0.00728125823661685 0.00403610151261091 0.00351013382896781 0.0028831781369837 -0.00354123974596858 9.13796267163193e-05 0.999989569222927
1672332600.49524 0.0078885005787015 0.00434466218575835 0.0041216192767024 0.00290274147602622 -0.0036152357311051 8.66589015462957e-05 0.999989248268583
1672332600.69626 0.00746315205469728 0.00364745524711907 0.00392957776784897 0.00288622936956328 -0.00347575619447102 5.3963379890613e-05 0.999989792891336
1672332600.89468 0.00809067022055387 0.00431376416236162 0.00261198589578271 0.00286374392891275 -0.00342891300359364 6.05161542160296e-05 0.999990018882248
1672332601.09427 0.00752200046554208 0.00413433602079749 0.00295245600864291 0.00286810458492788 -0.00344117248982464 4.58110846260605e-05 0.999989965054315
1672332601.29591 0.00699929194524884 0.00488508632406592 0.00356737594120204 0.00281689738620995 -0.00347427487019827 0.000111857025554411 0.999989990945533
1672332601.49489 0.00780091341584921 0.00456070620566607 0.0023205557372421 0.00285412419797417 -0.0034401964860651 6.0256618568017e-05 0.999990007646246
1672332601.69487 0.00761595647782087 0.0046485522761941 0.00274011585861444 0.00285411365261757 -0.00348301335361883 0.000114069660316943 0.999989854769212
1672332601.89523 0.00790317170321941 0.00448456034064293 0.00327877723611891 0.00294359602085087 -0.00349548101254804 0.000103213092373432 0.999989553046438
1672332602.09541 0.00758039718493819 0.00472090067341924 0.00317112193442881 0.00285416235215003 -0.00354238240122555 0.000103735014354875 0.999989647208029
1672332602.29462 0.00812135450541973 0.00432626204565167 0.0037738224491477 0.00289215122790897 -0.00353500164405756 8.06211066061223e-05 0.999989566308013
1672332602.49437 0.00791590381413698 0.0041895005851984 0.00302302022464573 0.00281992003936997 -0.00348222402134303 8.91704704199768e-05 0.999989957057302
1672332602.69521 0.00782627705484629 0.00526773370802402 0.00361429923214018 0.00290424321421744 -0.00349157709513263 7.16998385873861e-05 0.999989684506733
1672332602.89713 0.0078472662717104 0.00438221171498299 0.00256751663982868 0.00279565418692438 -0.00345064168488261 7.85644959751549e-05 0.999990135559971
1672332603.09594 0.00722947577014565 0.00463822623714805 0.00316500570625067 0.00287028442643026 -0.00346943432649841 0.000104769260438653 0.999989856706641
1672332603.29978 0.00702325301244855 0.00492799980565906 0.00306209526024759 0.00285082175312212 -0.003444297203646 0.000102993146865958 0.999989999462253
1672332603.4954 0.00810873880982399 0.00404244428500533 0.00297168432734907 0.00287670217792422 -0.0034930205505471 9.87090483580933e-05 0.999989756771806
1672332603.69539 0.00737597607076168 0.00500878132879734 0.00282708811573684 0.00286520322026603 -0.00347454108283062 0.000100029274794166 0.999989854032987
1672332603.89616 0.00775137217715383 0.00477125635370612 0.00310523202642798 0.00288892164287805 -0.00345724547481062 9.8097653909136e-05 0.999989845929607
1672332604.09517 0.00795103888958693 0.00573780294507742 0.00318034179508686 0.00288062636281378 -0.00353904274217911 6.54300043395999e-05 0.999989586389349
1672332604.29539 0.0082812886685133 0.00543051632121205 0.00339138368144631 0.00291478128947695 -0.00351189224062818 7.05147348286878e-05 0.999989582791039
1672332604.49575 0.00847277045249939 0.00504563003778458 0.00401986017823219 0.00288232379163093 -0.0036030588745955 9.26375619316065e-05 0.999989350740591
1672332604.6944 0.0071710511110723 0.00495898444205523 0.00309818121604621 0.00284116914753883 -0.00340921843501135 0.000112934921867281 0.99999014606807
1672332604.89661 0.00724576693028212 0.00492596626281738 0.00351315853185952 0.00290603573856402 -0.0034697313566476 9.12849729961047e-05 0.999989753741333
1672332605.09752 0.00804648082703352 0.00500997481867671 0.00398401683196425 0.00291753603422639 -0.00351074539016941 0.000120714423752878 0.99998957398481
1672332605.29731 0.00722175557166338 0.00538974534720182 0.00392436236143112 0.00290300324893924 -0.00349102818629394 9.83998403798045e-05 0.999989687752734
1672332605.49655 0.00710306176915765 0.00500694522634149 0.00271892477758229 0.00282594708651118 -0.00342083047499702 7.72837171756691e-05 0.999990152936094
1672332605.69613 0.00743040116503835 0.00561081804335117 0.00300503778271377 0.00285847119876529 -0.00340108057740935 8.5093446576296e-05 0.999990127227473
1672332605.89629 0.00714690890163183 0.0046417573466897 0.00406929850578308 0.00289482147487274 -0.00344644227066275 8.42028284140872e-05 0.999989867425759
1672332606.09627 0.00820411182940006 0.00418150471523404 0.00318324589170516 0.00288087174956694 -0.00345561181057215 5.56317077847905e-05 0.999989878063818
1672332606.29561 0.00749494507908821 0.00488857924938202 0.00335827493108809 0.00289827280446861 -0.00351187605714805 0.000138065357434412 0.999989623785801
1672332606.49583 0.00779046257957816 0.00439775735139847 0.00320077151991427 0.00285882267997861 -0.00345034838176188 6.85513427769175e-05 0.999989958714407
1672332606.6955 0.00731640495359898 0.00508607132360339 0.00300307455472648 0.00288691205194102 -0.00344020099409307 9.19175039181275e-05 0.999989911102656
1672332606.8976 0.00820462498813868 0.005137222353369 0.00391631294041872 0.00289607839698126 -0.0034934433224012 6.09873080800237e-05 0.999989702379089
1672332607.09467 0.00767442956566811 0.00466288626194 0.00301982671953738 0.00290901023503804 -0.00346824931206241 7.78621751770248e-05 0.999989751369305
1672332607.2965 0.00744125805795193 0.00505231600254774 0.00331530347466469 0.00286337644419908 -0.00348971097356625 9.59139697218254e-05 0.999989806844635
1672332607.49504 0.00771411973983049 0.0053820158354938 0.00319393677636981 0.00282532227863034 -0.00343144973174464 1.71840624698848e-05 0.999990121156938
1672332607.69549 0.00694972975179553 0.00500031374394894 0.00387381459586322 0.00291189400888788 -0.00351060839038714 8.07383468540893e-05 0.999989594937532
1672332607.89541 0.00818113703280687 0.00560349691659212 0.00286990543827415 0.00289571534433507 -0.00349352766155139 4.92351670584692e-05 0.999989703783504
1672332608.09619 0.00777291366830468 0.00501023465767503 0.00253536901436746 0.00282242632986566 -0.00346112506061223 8.5678846773912e-05 0.999990023541266
1672332608.29508 0.00740800751373172 0.00436784699559212 0.00338537618517876 0.00288918005589393 -0.00345151457808512 0.000100834677259851 0.999989864707683
1672332608.49549 0.00764872040599585 0.00462653860449791 0.00324207218363881 0.00287706253935736 -0.00350161350947863 5.21175133318617e-05 0.999989729196125
1672332608.6964 0.00767947873100638 0.00496988138183951 0.00421969313174486 0.00290827138519821 -0.00354881042196808 7.38763196036343e-05 0.999989471166786
1672332608.89669 0.00789396557956934 0.00476167444139719 0.0035805101506412 0.00283566231581808 -0.00355041541054608 9.5839654194159e-05 0.99998967213887
1672332609.09724 0.00817799847573042 0.00459690298885107 0.00314193358644843 0.00288988754671573 -0.00359344649386825 9.86229872738833e-05 0.999989362926311
1672332609.29672 0.00793271232396364 0.00408338475972414 0.00265584606677294 0.00285934159394867 -0.00347122675233861 8.31914707951849e-05 0.999989883863663
1672332609.49636 0.00721328193321824 0.00477629294618964 0.00330833136104047 0.00287170935592248 -0.00352642694415654 0.00010099902088203 0.999989653645267
1672332609.69583 0.00773181626573205 0.00478376587852836 0.00422069057822227 0.00288859651599951 -0.00353451579838154 7.47181496934631e-05 0.999989578758417
1672332609.89538 0.00758139416575432 0.00518921110779047 0.00337882270105183 0.00287257141508622 -0.00353460394503456 7.76244408078382e-05 0.999989624387605
1672332610.09467 0.00769052561372519 0.00457872590050101 0.00290771736763418 0.00283900972680229 -0.00349305281853799 8.47473573810329e-05 0.999989865660479
1672332610.29457 0.00750694284215569 0.00527906604111195 0.0041487654671073 0.00288996339348869 -0.00349055622178825 4.69170500192036e-05 0.999989730911092
1672332610.4946 0.00808245688676834 0.00560918170958757 0.00432269694283605 0.00288857129479147 -0.00354841676952207 6.92097405081523e-05 0.999989529997348
1672332610.69446 0.00711851846426725 0.00504768965765834 0.00353493308648467 0.00284939838490573 -0.00346946571495369 0.000124439317931916 0.999989914074814
1672332610.89881 0.00737408129498363 0.00537027372047305 0.00325011997483671 0.00290163835128401 -0.00352035391640647 9.15965525385349e-05 0.999989589552438
1672332611.0961 0.00691711297258735 0.00497065950185061 0.00382601749151945 0.00289036114882191 -0.00353495128341703 0.000118391697981175 0.999989567903215
1672332611.29438 0.00692630093544722 0.00534051097929478 0.00333089055493474 0.00287658552926149 -0.00354429349992001 0.000121694632857251 0.999989574160499
1672332611.49468 0.00740215368568897 0.00542613491415977 0.00344591378234327 0.00292033203917163 -0.00354855964934332 0.000106309891434261 0.999989433985881
1672332611.69508 0.00728145707398653 0.00507862446829677 0.00373228802345693 0.00287560633254404 -0.00346604060760086 0.000114710882359851 0.99998985209458
1672332611.89575 0.00750409858301282 0.0050454935990274 0.00362655683420599 0.00286890137899241 -0.00351490741029466 0.000112461203638767 0.999989701038592
1672332612.09545 0.00751059129834175 0.00545691233128309 0.00369220483116806 0.00290594749617659 -0.00352761226347409 8.86372907778412e-05 0.999989551727566
1672332612.29791 0.00731091573834419 0.00518995057791471 0.00311782443895936 0.00288414270687226 -0.00353085515039632 8.57488246307124e-05 0.999989603660904
1672332612.49455 0.00707219168543816 0.00531430216506124 0.00371218658983707 0.00287704421627548 -0.00353317369386651 0.000112960345324681 0.999989613216151
1672332612.69594 0.00704900268465281 0.00490337098017335 0.00381172657944262 0.00285105956847825 -0.00354392014894642 0.000124615580447516 0.999989648226556
1672332612.89613 0.00736027676612139 0.0056018210016191 0.00399157125502825 0.00291433517078575 -0.00353677639790779 0.000136053433668543 0.999989489621109
1672332613.09615 0.00733175221830606 0.00565950805321336 0.0042933109216392 0.00292694272170489 -0.00355403501111459 0.000116630615885797 0.999989394063129
1672332613.29452 0.00764043442904949 0.0054983296431601 0.0038987307343632 0.00288614041275458 -0.00356383272665041 8.61069531167675e-05 0.999989480882377
1672332613.49588 0.00760814733803272 0.00551552465185523 0.0034819720312953 0.00291079903466716 -0.00355722815432018 7.83839698577689e-05 0.999989433560571
1672332613.69559 0.00679495837539434 0.00521205179393291 0.00314323580823839 0.00284946296906578 -0.00348583805647661 0.000123553243992331 0.999989857062774
1672332613.89606 0.00687881279736757 0.00522175850346684 0.00305380113422871 0.00286836014877594 -0.00353642802195155 0.000111789079253972 0.99998962679125
1672332614.09636 0.00770362466573715 0.00569467805325985 0.00383124989457428 0.00288577900189067 -0.003599028608145 9.02719306437866e-05 0.999989355505152
1672332614.29526 0.00752698397263885 0.00580699369311333 0.00318600470200181 0.00290338685187162 -0.00355441389490972 0.000102471429739831 0.999989462937614
1672332614.49421 0.00632628425955772 0.00574035476893187 0.00351111125200987 0.00281215103056729 -0.00345548078478488 0.000128685301454855 0.999990067400282
1672332614.69482 0.00729634612798691 0.00518883671611547 0.00382704567164183 0.00286025694155588 -0.0035691370247031 0.00010707777042932 0.999989534307974
1672332614.89624 0.007499766536057 0.00540153030306101 0.00337441428564489 0.00287031180675977 -0.00352205380681935 9.58935694224837e-05 0.999989673572451
1672332615.09499 0.00723555218428373 0.00478318706154823 0.00344928121194243 0.00285616615565516 -0.00348767532816762 9.01019266689426e-05 0.999989835107007
1672332615.29546 0.00733097223564982 0.00516536831855774 0.00326588354073465 0.00286934301103174 -0.00349872492784049 0.00010890505594969 0.999989756914666
1672332615.49638 0.00762917334213853 0.00536601385101676 0.00340131670236588 0.00288502848179563 -0.00349218306409798 0.000100792494520777 0.99998973550181
1672332615.6978 0.00718979444354773 0.00501611363142729 0.00280664837919176 0.00287880915802258 -0.00349103347279486 0.000103857265869897 0.999989757125938
1672332615.89722 0.00700155086815357 0.00575200701132417 0.0026871906593442 0.00281997606817318 -0.0035014492119796 0.000118008458647294 0.999989886780059
1672332616.09548 0.00647789658978581 0.00539043173193932 0.00352830765768886 0.00287507154092803 -0.00353741942990728 0.000118997090415417 0.999989603179505
1672332616.29541 0.00680492492392659 0.00576217519119382 0.00329489400610328 0.00285944943543306 -0.00351659093546076 0.00013342722523995 0.999989719614304
1672332616.49622 0.00655561499297619 0.00471180910244584 0.00280621857382357 0.00285165795825391 -0.0034733343903684 0.000129830503127312 0.999989893518501
1672332616.69657 0.00721138622611761 0.00602459674701095 0.00325581175275147 0.00288934727342885 -0.00359942304861806 0.000114583137179885 0.999989341291574
1672332616.89804 0.0078945541754365 0.00519192824140191 0.00344445393420756 0.00286134657731155 -0.0035785275485748 7.38316601198742e-05 0.999989500637499
1672332617.09782 0.00722363218665123 0.0057319663465023 0.00292215682566166 0.00285399073157404 -0.00352943658498411 0.000113692824533377 0.999989692390996
1672332617.29977 0.00732048181816936 0.00538314320147038 0.00383207481354475 0.0028785645965437 -0.00358617347901526 9.12395932961904e-05 0.999989422394546
1672332617.49757 0.0065350797958672 0.00489025609567761 0.00317015987820923 0.00280743952411292 -0.00342759750696231 0.000128055820826052 0.999990176681929
1672332617.69692 0.00758528104051948 0.00564205646514893 0.00321286031976342 0.00287968990124434 -0.00355635648480914 0.000101582386655328 0.999989524642956
1672332617.89605 0.00690154638141394 0.0051736761815846 0.00325434957630932 0.00284673174642632 -0.00358476397926584 0.000132616448830937 0.999989513944249
1672332618.0969 0.00703558465465903 0.00614505773410201 0.00318224611692131 0.00286091751205057 -0.00355079264734401 0.000107354721060471 0.99998959769466
1672332618.29764 0.00668672705069184 0.00584568036720157 0.00312344077974558 0.00286363762637578 -0.00353016840184572 0.000130165119223255 0.999989660220365
1672332618.49793 0.00730011193081737 0.0052115130238235 0.00354609964415431 0.0028518292266101 -0.00354945760494861 7.66356703186937e-05 0.999989631220118
1672332618.6969 0.00747494446113706 0.00496337795630097 0.00393400434404612 0.00288569568244431 -0.00364339065669965 0.000119404103819095 0.999989192045399
1672332618.89612 0.00648953299969435 0.00561380526050925 0.00330092920921743 0.00282803397918901 -0.00351765617011922 0.00012284614520856 0.9999898065619
1672332619.09768 0.00703399162739515 0.00548354489728808 0.00292159570381045 0.00286068528148922 -0.00352064677699827 0.000119556739962943 0.999989703563081
1672332619.30087 0.00654906546697021 0.00575678655877709 0.00316739268600941 0.00288825004416371 -0.00355996927114395 8.85871458741317e-05 0.999989488336147
1672332619.49896 0.0073284674435854 0.00512809911742806 0.00359071022830904 0.00284077963751072 -0.00353047405090555 0.000103281843783988 0.999989727475681
1672332619.69751 0.00752594089135528 0.00566061493009329 0.00407346710562706 0.00289985498262755 -0.00356814383536259 9.04770752107309e-05 0.999989425446364
1672332619.90015 0.00716427154839039 0.00554237468168139 0.00354482280090451 0.00286197278061581 -0.00357905563555858 0.00011107097356895 0.999989493512707
1672332620.09852 0.00682628620415926 0.00526222493499517 0.00403297878801823 0.00291264150388776 -0.00358590248006744 0.000152247826832305 0.999989317264676
1672332620.29619 0.00689316354691982 0.00503114378079772 0.0033176545985043 0.00288673638732555 -0.00355565864764164 9.91165267827586e-05 0.999989507055212
1672332620.4999 0.0077244034036994 0.00497714942321181 0.00337093370035291 0.0028580737884672 -0.00360156656245029 0.000133294457564278 0.999989421126596
1672332620.69922 0.00746360560879111 0.00455946056172252 0.0029077990911901 0.00279917653093365 -0.00351800071879987 5.23191626344332e-05 0.99998989272112
1672332620.89725 0.00786325428634882 0.00529258605092764 0.00372030097059906 0.00287724583862079 -0.00354816193032595 0.000115694885788488 0.999989559254492
1672332621.09872 0.0077591766603291 0.00522772129625082 0.00379070360213518 0.00288661699651483 -0.00361547689499115 0.000111139858229183 0.9999892916512
1672332621.297 0.00699094031006098 0.00524489115923643 0.00380417075939476 0.00292002365372215 -0.00350609601876116 6.65495163772926e-05 0.999989588107662
1672332621.49992 0.0065611032769084 0.0053588030859828 0.00300956633873284 0.00288326696585006 -0.00349771477101075 0.000148615250201553 0.999989715285358
1672332621.69624 0.00730422046035528 0.0053936573676765 0.00330248661339283 0.00286627819859869 -0.00352597811431151 8.27069158365499e-05 0.999989672490267
1672332621.89641 0.00673540122807026 0.00562544260174036 0.00306028709746897 0.00287157280673268 -0.00349993020130701 9.86417792110531e-05 0.999989747361442
1672332622.0988 0.00700993184000254 0.0050521926023066 0.00295264460146427 0.00281178610275605 -0.0035216444521334 0.000103326793922261 0.999989840549812
1672332622.29701 0.00733688613399863 0.00500053307041526 0.00376536510884762 0.00285987279264454 -0.00360642667958733 9.02184271918627e-05 0.99998940328128
1672332622.49719 0.00762200821191072 0.00492934789508581 0.00317660276778042 0.00285203962478412 -0.00353138951744944 7.43460602788146e-05 0.99998969476226
1672332622.69753 0.00767372082918882 0.00493262847885489 0.00307600712403655 0.00283715790409616 -0.00354755852379499 6.98815308791458e-05 0.99998968018681
1672332622.89872 0.00786272250115871 0.00473706610500813 0.0031774768140167 0.00287449865552799 -0.00362680966873422 9.56052931372326e-05 0.999989287126984
1672332623.09651 0.00757835386320949 0.00490765040740371 0.00302145211026073 0.00285929959026281 -0.00360023021594357 6.6591586907632e-05 0.999989429101031
1672332623.29617 0.00718318438157439 0.00470899837091565 0.00388911669142544 0.00284128847939575 -0.0035469552486711 8.6435027975299e-05 0.999989669305252
1672332623.49763 0.00800347607582808 0.005356649402529 0.00387271260842681 0.0028979344716972 -0.00363086232651156 6.73507947896583e-05 0.999989207080973
1672332623.69764 0.00771593581885099 0.00501261511817575 0.00342707126401365 0.00290330534598822 -0.00360706731891532 0.000110074863499222 0.999989273825949
