1672332522.8984
1672332523.09895
1672332523.29841
1672332523.49921
1672332523.6974
1672332523.8979
1672332524.09916
1672332524.29718
1672332524.49807
1672332524.69884
1672332524.89863
1672332525.09737
1672332525.29808
1672332525.49787
1672332525.69891
1672332525.89938
1672332526.09782
1672332526.29895
1672332526.50037
1672332526.69867
1672332526.89923
1672332527.09828
1672332527.29822
1672332527.49831
1672332527.69999
1672332527.899
1672332528.10159
1672332528.29913
1672332528.49872
1672332528.69826
1672332528.89972
1672332529.09801
1672332529.29818
1672332529.49965
1672332529.69821
1672332529.89892
1672332530.0984
1672332530.29776
1672332530.4975
1672332530.69858
1672332530.89995
1672332531.09787
1672332531.29819
1672332531.49872
1672332531.69731
1672332531.89848
1672332532.10121
1672332532.30174
1672332532.49836
1672332532.69778
1672332532.89826
1672332533.09839
1672332533.29744
1672332533.49931
1672332533.69991
1672332533.89899
1672332534.10119
1672332534.29888
1672332534.50094
1672332534.69932
1672332534.90118
1672332535.10111
1672332535.3004
1672332535.50429
1672332535.70054
1672332535.90185
1672332536.10101
1672332536.30139
1672332536.49986
1672332536.70144
1672332536.90019
1672332537.10202
1672332537.30081
1672332537.50128
1672332537.70102
1672332537.90169
1672332538.10047
1672332538.29912
1672332538.4997
1672332538.70156
1672332538.90235
1672332539.09998
1672332539.30024
1672332539.50166
1672332539.69964
1672332539.89908
1672332540.09993
1672332540.29886
1672332540.49954
1672332540.69868
1672332540.90084
1672332541.10114
1672332541.29987
1672332541.49878
1672332541.70061
1672332541.90028
1672332542.09885
1672332542.30001
1672332542.49889
1672332542.7005
1672332542.89881
1672332543.09913
1672332543.29801
1672332543.49814
1672332543.69826
1672332543.89761
1672332544.09788
1672332544.30081
1672332544.49859
1672332544.6994
1672332544.89873
1672332545.09981
1672332545.29856
1672332545.4988
1672332545.70034
1672332545.89988
1672332546.09865
1672332546.29895
1672332546.49889
1672332546.69797
1672332546.89838
1672332547.09795
1672332547.29803
1672332547.49888
1672332547.69796
1672332547.89871
1672332548.09962
1672332548.29806
1672332548.49825
1672332548.69869
1672332548.89869
1672332549.099
1672332549.2979
1672332549.49829
1672332549.69777
1672332549.90037
1672332550.10223
1672332550.2984
1672332550.49842
1672332550.70147
1672332550.89857
1672332551.10029
1672332551.29895
1672332551.50265
1672332551.6989
1672332551.9003
1672332552.09797
1672332552.30229
1672332552.49796
1672332552.69791
1672332552.89815
1672332553.09892
1672332553.29999
1672332553.50238
1672332553.70019
1672332553.90134
1672332554.10013
1672332554.3006
1672332554.49791
1672332554.7008
1672332554.90049
1672332555.10028
1672332555.29852
1672332555.49963
1672332555.69867
1672332555.90209
1672332556.09817
1672332556.30018
1672332556.50039
1672332556.69765
1672332556.89859
1672332557.10013
1672332557.29884
1672332557.4997
1672332557.69957
1672332557.90095
1672332558.09958
1672332558.29885
1672332558.49953
1672332558.70008
1672332558.89947
1672332559.09845
1672332559.29812
1672332559.4977
1672332559.69841
1672332559.89807
1672332560.09741
1672332560.29802
1672332560.50007
1672332560.69803
1672332560.89942
1672332561.09748
1672332561.29891
1672332561.49703
1672332561.69745
1672332561.89772
1672332562.09877
1672332562.29789
1672332562.49691
1672332562.69887
1672332562.89702
1672332563.0976
1672332563.30398
1672332563.50327
1672332563.69948
1672332563.89729
1672332564.09802
1672332564.29657
1672332564.49731
1672332564.69697
1672332564.8969
1672332565.10021
1672332565.30052
1672332565.5007
1672332565.69881
1672332565.89998
1672332566.09801
1672332566.29831
1672332566.49918
1672332566.69961
1672332566.89752
1672332567.09778
1672332567.29878
1672332567.49951
1672332567.69791
1672332567.89809
1672332568.09854
1672332568.29776
1672332568.49821
1672332568.69831
1672332568.89956
1672332569.09775
1672332569.30025
1672332569.49698
1672332569.70071
1672332569.89824
1672332570.09758
1672332570.29875
1672332570.49772
1672332570.69714
1672332570.89825
1672332571.09811
1672332571.29779
1672332571.49642
1672332571.69612
1672332571.89825
1672332572.09868
1672332572.29727
1672332572.49759
1672332572.69663
1672332572.89689
1672332573.09867
1672332573.29689
1672332573.49817
1672332573.698
1672332573.8967
1672332574.09639
1672332574.2968
1672332574.49684
1672332574.69774
1672332574.89613
1672332575.09897
1672332575.29782
1672332575.497
1672332575.69887
1672332575.89744
1672332576.09814
1672332576.29749
1672332576.49768
1672332576.69591
1672332576.89701
1672332577.0961
1672332577.29693
1672332577.49653
1672332577.69581
1672332577.89801
1672332578.09678
1672332578.29658
1672332578.49653
1672332578.69675
1672332578.89832
1672332579.096
1672332579.29755
1672332579.49763
1672332579.69569
1672332579.89734
1672332580.09726
1672332580.29598
1672332580.49659
1672332580.6956
1672332580.89527
1672332581.09662
1672332581.29556
1672332581.49682
1672332581.69842
1672332581.89578
1672332582.09781
1672332582.29594
1672332582.49525
1672332582.69572
1672332582.89692
1672332583.09622
1672332583.29703
1672332583.49599
1672332583.69701
1672332583.89505
1672332584.09609
1672332584.29681
1672332584.49556
1672332584.69624
1672332584.89569
1672332585.09636
1672332585.29885
1672332585.49658
1672332585.69539
1672332585.89578
1672332586.09487
1672332586.29776
1672332586.49666
1672332586.69596
1672332586.89731
1672332587.0975
1672332587.29567
1672332587.49557
1672332587.69814
1672332587.89599
1672332588.09645
1672332588.2976
1672332588.49757
1672332588.69767
1672332588.89789
1672332589.09741
1672332589.29802
1672332589.49677
1672332589.6956
1672332589.89784
1672332590.09613
1672332590.29671
1672332590.49712
1672332590.69532
1672332590.89585
1672332591.09534
1672332591.29558
1672332591.49513
1672332591.69614
1672332591.89553
1672332592.096
1672332592.29658
1672332592.49584
1672332592.69703
1672332592.89559
1672332593.09575
1672332593.29652
1672332593.49534
1672332593.69523
1672332593.89679
1672332594.09583
1672332594.29627
1672332594.49633
1672332594.69738
1672332594.89572
1672332595.09596
1672332595.29551
1672332595.49671
1672332595.69796
1672332595.89649
1672332596.09686
1672332596.29603
1672332596.49582
1672332596.69525
1672332596.89591
1672332597.09558
1672332597.29731
1672332597.49584
1672332597.69518
1672332597.89544
1672332598.09598
1672332598.29467
1672332598.49525
1672332598.69533
1672332598.89568
1672332599.0952
1672332599.29662
1672332599.49551
1672332599.69573
1672332599.89486
1672332600.09631
1672332600.29693
1672332600.49524
1672332600.69626
1672332600.89468
1672332601.09427
1672332601.29591
1672332601.49489
1672332601.69487
1672332601.89523
1672332602.09541
1672332602.29462
1672332602.49437
1672332602.69521
1672332602.89713
1672332603.09594
1672332603.29978
1672332603.4954
1672332603.69539
1672332603.89616
1672332604.09517
1672332604.29539
1672332604.49575
1672332604.6944
1672332604.89661
1672332605.09752
1672332605.29731
1672332605.49655
1672332605.69613
1672332605.89629
1672332606.09627
1672332606.29561
1672332606.49583
1672332606.6955
1672332606.8976
1672332607.09467
1672332607.2965
1672332607.49504
1672332607.69549
1672332607.89541
1672332608.09619
1672332608.29508
1672332608.49549
1672332608.6964
1672332608.89669
1672332609.09724
1672332609.29672
1672332609.49636
1672332609.69583
1672332609.89538
1672332610.09467
1672332610.29457
1672332610.4946
1672332610.69446
1672332610.89881
1672332611.0961
1672332611.29438
1672332611.49468
1672332611.69508
1672332611.89575
1672332612.09545
1672332612.29791
1672332612.49455
1672332612.69594
1672332612.89613
1672332613.09615
1672332613.29452
1672332613.49588
1672332613.69559
1672332613.89606
1672332614.09636
1672332614.29526
1672332614.49421
1672332614.69482
1672332614.89624
1672332615.09499
1672332615.29546
1672332615.49638
1672332615.6978
1672332615.89722
1672332616.09548
1672332616.29541
1672332616.49622
1672332616.69657
1672332616.89804
1672332617.09782
1672332617.29977
1672332617.49757
1672332617.69692
1672332617.89605
1672332618.0969
1672332618.29764
1672332618.49793
1672332618.6969
1672332618.89612
1672332619.09768
1672332619.30087
1672332619.49896
1672332619.69751
1672332619.90015
1672332620.09852
1672332620.29619
1672332620.4999
1672332620.69922
1672332620.89725
1672332621.09872
1672332621.297
1672332621.49992
1672332621.69624
1672332621.89641
1672332622.0988
1672332622.29701
1672332622.49719
1672332622.69753
1672332622.89872
1672332623.09651
1672332623.29617
1672332623.49763
1672332623.69764
