1645864168.30045 0 0 0 0.00314669569772082 -0.002480644808405 7.80583880267595e-06 0.999991972291073
1645864176.09824 -0.138092383742332 -0.00233850465156138 -0.00460055004805326 0.0026668905817291 0.00225827558022536 7.20678782195734e-05 0.999993891327467
1645864176.30072 -0.265197306871414 0.00775610702112317 -0.000412990775657818 0.00254480708528426 0.00519169700792599 0.000927247760293799 0.99998285507836
1645864176.49946 -0.390865534543991 0.00317406328395009 -0.00510520534589887 0.00401501978498414 0.00525235622985787 0.00100668910151676 0.999977639223605
1645864176.69938 -0.535410642623901 0.0127095337957144 -0.0226534977555275 0.00427361512020961 0.00532846196747015 0.00126067200996532 0.999975876915513
1645864176.89944 -0.680160939693451 0.0260777063667774 0.000674096576403826 0.00100407252351229 0.00329744537378126 0.00250021318320661 0.999990933772108
1645864177.1013 -0.850237011909485 0.0463529415428638 -0.0103815253823996 -0.00201856161952866 0.00299929705769887 0.00425682489898358 0.999984404412352
1645864177.29958 -1.00821995735168 0.0497628301382065 -0.0304430648684502 -0.00247597261386862 0.00222348395737747 0.00638074524105987 0.999974105549176
1645864177.49934 -1.13302314281464 0.0362151823937893 -0.00141017511487007 -0.00362943193562 0.00168757490865631 0.00942001890449678 0.999947619907459
1645864177.69843 -1.27944231033325 0.0376559272408485 0.00102844054345042 -0.00252723794370456 0.00343803351983801 0.0118114797354167 0.999921137860558
1645864177.90118 -1.4338299036026 0.0114404819905758 -0.0624392628669739 -0.00055797444316378 0.00545161896449888 0.0121651328172714 0.999910985067533
1645864178.10197 -1.58162295818329 0.0239336248487234 -0.0605898387730122 1.95675486141525e-05 0.00566308583745522 0.0127592386844383 0.999902560704843
1645864178.2999 -1.75415635108948 0.0330777205526829 -0.0763154178857803 0.000476544681912228 0.00440531590529125 0.0133167266008862 0.999901510594708
1645864178.50046 -1.91920006275177 0.0256309490650892 -0.0831869766116142 0.00196012016494436 0.00306589950535879 0.0135710134929676 0.99990128801894
1645864178.69975 -2.07691144943237 0.0179479792714119 -0.0873011723160744 0.00241889432490921 0.00281190586947261 0.0130929861269196 0.99990740363791
1645864178.90026 -2.2224063873291 0.0151811931282282 -0.0838865712285042 0.00435555660187383 0.00178814756801293 0.0129426486453488 0.99990515525274
1645864179.10047 -2.38278365135193 0.0224994756281376 -0.0820377022027969 0.00454136971979837 0.000522502982386698 0.0119126783165313 0.9999185922099
1645864179.29929 -2.54164361953735 0.0328908376395702 -0.0896612703800201 0.000635311352697257 0.00142184207158366 0.0116286739366833 0.999931171974893
1645864179.50045 -2.69376182556152 0.036586157977581 -0.0814471840858459 0.00231669101145601 0.00241464753815137 0.013708723116532 0.999900431708347
1645864179.70114 -2.85494899749756 0.0353339798748493 -0.110127575695515 0.00384292427701744 0.00435321240536883 0.0155424495702938 0.999862347393935
1645864179.89962 -3.00381994247437 0.0364196375012398 -0.10879710316658 0.00339875093026191 0.00553653081138501 0.0183416150869963 0.999810672314858
1645864180.09965 -3.16292810440063 0.0378770008683205 -0.0990522056818008 0.00226471461178938 0.00567110025430802 0.0193576898234038 0.999793973543717
1645864180.30243 -3.31773781776428 0.0371450148522854 -0.110362842679024 0.00258200450893913 0.00616014660548396 0.0192418066753286 0.999792547842993
1645864180.5005 -3.47003436088562 0.0439747534692287 -0.0982313826680183 0.00167489019941859 0.00730935758079683 0.0193230548825055 0.999785170716481
1645864180.7022 -3.6216082572937 0.0407794006168842 -0.116655252873898 0.00245394261722915 0.00584176036529619 0.0212661761695096 0.999753770561829
1645864180.90021 -3.78153824806213 0.0363857932388783 -0.152821853756905 0.00227203491687026 0.00643080491421676 0.0231734106941694 0.999708195246138
1645864181.10306 -3.92996406555176 0.0351123549044132 -0.145450592041016 2.493599105624e-05 0.00584292358093876 0.0252421859311304 0.999664289485046
1645864181.29976 -4.09349679946899 0.0352471023797989 -0.133273959159851 -0.000927107198401673 0.00280002264876665 0.0263911839218471 0.999647340694013
1645864181.50056 -4.24587678909302 0.0253954231739044 -0.133578047156334 0.00300240735802569 0.00380244264342852 0.0274540380312499 0.999611325854093
1645864181.70172 -4.41393852233887 0.0356683321297169 -0.106852002441883 0.00254436042669192 0.00281804434143155 0.0273533258039034 0.999618617485476
1645864181.89961 -4.58180046081543 0.0325918048620224 -0.157125651836395 0.00111443202684407 0.00425144383010112 0.0277165382154742 0.999606160833339
1645864182.10214 -4.7227258682251 0.022276783362031 -0.133238270878792 4.20983878280913e-05 0.00292475880925369 0.0294257395578743 0.999562689312234
1645864182.3032 -4.87949085235596 0.0213105455040932 -0.142074272036552 0.000228481063053048 0.00335500819633814 0.0297031449860156 0.99955310759076
1645864182.50091 -5.03364610671997 0.0164594128727913 -0.139062955975533 0.000570767027825186 0.00215390544915896 0.0310292163699637 0.99951599419308
1645864182.70505 -5.179443359375 0.00101906247437 -0.170482814311981 0.000653107954338343 0.00232828672597919 0.0329656119541675 0.999453561182013
1645864182.90454 -5.3384895324707 0.00689387787133455 -0.161079496145248 0.00243859158089356 0.00477409130805982 0.0343617240490096 0.999395083659942
1645864183.09992 -5.49547290802002 -0.00266823428682983 -0.170279622077942 0.00278750273428017 0.00456981377817076 0.0353698346168474 0.999359955886625
1645864183.3006 -5.64532375335693 -0.00451498012989759 -0.173325225710869 1.2804641398468e-05 0.00784097350670584 0.0389999601996866 0.999208447759991
1645864183.50125 -5.80079221725464 -0.00908984709531069 -0.174059212207794 -0.000408691058849689 0.00752028411333969 0.0439720774807197 0.999004371712408
1645864183.69838 -5.96872711181641 -0.0141620263457298 -0.188998714089394 -0.0009287734736756 0.00785562265254616 0.0462545974275431 0.998898362592206
1645864183.89965 -6.10672235488892 -0.0280090309679508 -0.187652096152306 0.0014934908080531 0.00868940379372599 0.0558786842413351 0.998398636013878
1645864184.09937 -6.24424409866333 -0.0423399470746517 -0.173507139086723 0.0035484990954509 0.00559610143759149 0.0689084194299751 0.997600983126286
1645864184.30133 -6.40961933135986 -0.0344033911824226 -0.174696132540703 -0.00279845798069794 0.00446621126918024 0.081772723006821 0.996637067021832
1645864184.50087 -6.56412220001221 -0.0615000911056995 -0.187256962060928 -0.00289130495559407 0.00552594999983003 0.0958116306686021 0.995379945378083
1645864184.70131 -6.70491933822632 -0.0833319798111916 -0.190193757414818 -0.00214330870527604 0.00787458502777057 0.104855696158201 0.994453960785321
1645864184.89905 -6.86656713485718 -0.10200596600771 -0.228404596447945 -0.00171654909014227 0.00946436397007624 0.117993589828409 0.992967769886449
1645864185.1025 -7.01716947555542 -0.123589023947716 -0.204292371869087 -0.00338289740156609 0.00861432204934774 0.132969954142155 0.991076859156864
1645864185.29961 -7.16912412643433 -0.147969350218773 -0.226675733923912 -0.00273267367231202 0.0102574859452239 0.149195087200239 0.988750798953911
1645864185.50198 -7.32277917861938 -0.187567040324211 -0.199718818068504 -0.000113598115757711 0.00688723641083807 0.17068859634577 0.985300946994166
1645864185.69852 -7.45967245101929 -0.221278756856918 -0.202528640627861 -0.00474830736471966 -0.00205097292950459 0.205458633846213 0.978652132713796
1645864185.89768 -7.58423233032227 -0.257244676351547 -0.230982899665833 -0.00470446633040484 -0.000555205132704885 0.254826019843003 0.966975314759782
1645864186.09883 -7.73463869094849 -0.309002429246902 -0.234312787652016 -0.00195588431621653 0.00179906496139985 0.301427537342034 0.953485384058782
1645864186.30002 -7.84292602539062 -0.365010291337967 -0.230494752526283 -0.00461978350051179 0.00339517542994147 0.347946606740667 0.937496820923604
1645864186.50104 -7.95662260055542 -0.432267934083939 -0.219343528151512 -0.00713166529871875 0.00326538377068342 0.391813423398457 0.920011259639619
1645864186.70114 -8.07138729095459 -0.520114541053772 -0.230993822216988 -0.00823700636240972 0.00504026057395475 0.433684543093934 0.901013021315973
1645864186.89933 -8.17341804504395 -0.608891606330872 -0.231733053922653 -0.00900432413307852 0.00423608115120234 0.474845176740407 0.880013088476392
1645864187.10239 -8.26422882080078 -0.713520050048828 -0.215880513191223 -0.0104794271338832 0.000583833344630419 0.516394691191458 0.856286379463582
1645864187.29981 -8.34370040893555 -0.80959951877594 -0.221287578344345 -0.0122977210002351 0.00686982389418661 0.556965752412954 0.830415993473714
1645864187.6025 -8.4453125 -0.983257353305817 -0.205655917525291 -0.013901190747043 0.00365078479405239 0.615612196934611 0.787918175733714
1645864187.79917 -8.50859832763672 -1.09840261936188 -0.213503330945969 -0.0137999712087059 0.00395833846202286 0.654338191548023 0.756065753379243
1645864187.99886 -8.53334712982178 -1.23671972751617 -0.21770167350769 -0.0147302556103747 0.00521367876556898 0.687827916194297 0.725705584122923
1645864188.19981 -8.56903743743896 -1.34329497814178 -0.20646533370018 -0.0165508373048342 0.00539453918972431 0.721222865992515 0.692484329281885
1645864188.40199 -8.58916091918945 -1.47314286231995 -0.228075668215752 -0.0198383488033157 0.00939686892306977 0.751896269439996 0.658915881409317
1645864188.69753 -8.59750843048096 -1.65447390079498 -0.221268147230148 -0.0163186096696534 0.00978278889996368 0.794462816878945 0.607014688962763
1645864188.89982 -8.60041904449463 -1.76947605609894 -0.221127331256866 -0.0209678317575159 0.0117189880010643 0.819190197416654 0.573018704588326
1645864189.10011 -8.56818008422852 -1.89154767990112 -0.227486491203308 -0.0233286003386638 0.0115861804781135 0.8310141713287 0.555641056689516
1645864189.3045 -8.52884387969971 -2.01128172874451 -0.220202445983887 -0.0236268611485446 0.00661356253608002 0.835401052485088 0.549092991878112
1645864189.50012 -8.49199962615967 -2.12106037139893 -0.223808035254478 -0.0254257144335669 0.00772161003428498 0.837976749764139 0.545058599270528
1645864189.69887 -8.44218063354492 -2.21726059913635 -0.222400724887848 -0.0220568921258533 0.00938363768817209 0.838558070455844 0.544284671221648
1645864190.10072 -8.38546562194824 -2.35326743125916 -0.221545040607452 -0.0216598157293885 0.0106268186287259 0.839396641313804 0.542983610857184
1645864191.49933 -8.44645118713379 -2.22229909896851 -0.223637744784355 -0.0136419807617047 0.00377868196449878 0.839184256890628 0.543662947891829
1645864191.70172 -8.49649620056152 -2.11246943473816 -0.221630483865738 -0.0156927661520588 0.00104149315639258 0.838445616544082 0.544758295467372
1645864191.89791 -8.55478954315186 -1.96265590190887 -0.235841780900955 -0.0133705979199371 0.00196635906502547 0.837067131563078 0.546933248029457
1645864192.09788 -8.61929607391357 -1.80761969089508 -0.24450309574604 -0.0133951415407891 0.00750567985060152 0.837895664600587 0.545614415312338
1645864192.30027 -8.66904926300049 -1.64831125736237 -0.23116560280323 -0.0135568681801139 0.00842857488143336 0.836085198127954 0.548367314782669
1645864192.49747 -8.73585605621338 -1.51712083816528 -0.271622449159622 -0.0154614478148814 0.00750790376025976 0.836209361437941 0.54814092973992
1645864192.69855 -8.80140686035156 -1.36720740795135 -0.265006601810455 -0.015647429204134 0.00802459227136169 0.84072846709693 0.541171330071195
1645864192.89677 -8.85911273956299 -1.22962689399719 -0.235120192170143 -0.0140406699923894 0.00542332895747839 0.847757107592745 0.530171041848917
1645864193.09848 -8.93492126464844 -1.09782385826111 -0.249328449368477 -0.0115446795984072 0.00803248481982819 0.857730404139609 0.513907339288993
1645864193.29916 -8.99851036071777 -0.973690867424011 -0.225478276610374 -0.0121007903084591 0.00895617184161775 0.86912170110797 0.494369119710204
1645864193.49929 -9.10297203063965 -0.862321674823761 -0.267612159252167 -0.0145805785544084 0.00853678117202992 0.881282676581297 0.472287385025203
1645864193.6989 -9.2096118927002 -0.741015374660492 -0.223215162754059 -0.0174914413509872 0.00477440503136868 0.895139169816585 0.445417917461946
1645864193.90171 -9.31689834594727 -0.611506819725037 -0.230985790491104 -0.0176837015854272 0.000991944107769742 0.902446449383232 0.430437810537971
1645864194.10166 -9.4425048828125 -0.44286584854126 -0.223368316888809 -0.0154226249633629 0.00613056101426204 0.906124225282606 0.422685991271164
1645864194.29951 -9.5342378616333 -0.31315216422081 -0.243436634540558 -0.0127284022366042 0.0063408441050671 0.907351914900928 0.420131269959947
1645864194.50086 -9.63655948638916 -0.183909341692924 -0.249583765864372 -0.0173902130811319 0.00838003594045975 0.907541528043213 0.419518450563999
1645864194.7018 -9.74621868133545 -0.0622389502823353 -0.286695271730423 -0.0150090751326566 0.00719255151652186 0.907513876287721 0.419692219622404
1645864194.89945 -9.85111618041992 0.0738415867090225 -0.274796396493912 -0.0159374509541908 0.00647529573404179 0.907732628274314 0.419196306959454
1645864195.09727 -9.98009204864502 0.222986981272697 -0.29441049695015 -0.0199153114942016 0.00902421121720339 0.90823917188819 0.417879827974325
1645864195.29733 -10.1366586685181 0.396659106016159 -0.303529649972916 -0.0203588542400437 0.00636424934707058 0.908391930737374 0.417575278908494
1645864195.50052 -10.2931070327759 0.596264123916626 -0.289994060993195 -0.0207879597512071 0.00501281330999178 0.908866082235777 0.416539526327924
1645864195.70147 -10.4714202880859 0.789988160133362 -0.342850178480148 -0.0175883856084577 0.00499659279106826 0.908551655344454 0.417372222749695
1645864195.89918 -10.6531019210815 1.02857863903046 -0.339162141084671 -0.0210605857547445 -0.00036310475972438 0.906363407720011 0.421973569111585
1645864196.09868 -10.844295501709 1.27340865135193 -0.332720339298248 -0.0248162681567218 0.00557961015813552 0.90662278880107 0.421174713879914
1645864196.29825 -11.0368537902832 1.5156182050705 -0.323913544416428 -0.0311651182126054 0.00777978584873543 0.907529615361525 0.418757934349554
1645864196.49861 -11.1994724273682 1.72333133220673 -0.325640141963959 -0.0321862076272009 0.00345978894669265 0.906344390354804 0.421297904067184
1645864196.70019 -11.3656549453735 1.9392409324646 -0.28841832280159 -0.0289256867760175 -0.00126698179598572 0.90625933868512 0.421729428007665
1645864196.89896 -11.4956092834473 2.10921692848206 -0.331953972578049 -0.0279767043073106 0.0029809361461447 0.905113831909606 0.424237397363438
1645864197.10057 -11.6216220855713 2.24531984329224 -0.377406030893326 -0.0285877422016856 0.00273314010040533 0.905288431745035 0.423825584751107
1645864197.2981 -11.7198352813721 2.38149833679199 -0.363156646490097 -0.0239107744727084 -0.000483167042242987 0.904189353325446 0.426461785798723
1645864197.50005 -11.8277273178101 2.51729464530945 -0.384855091571808 -0.0269294908568105 0.00202887341585413 0.904627764959661 0.425346086215617
1645864197.70004 -11.9285974502563 2.65128231048584 -0.37146207690239 -0.0294424016495603 0.00532840522480168 0.903746862861382 0.427020328498628
1645864197.89889 -12.0150852203369 2.77281618118286 -0.408578604459763 -0.027361616281495 0.00490922129007305 0.898225373330587 0.438655240714068
1645864198.10071 -12.0915479660034 2.90948271751404 -0.398804843425751 -0.0273638655920833 0.00435519209586826 0.89085893534144 0.453434238323467
1645864198.29916 -12.1990003585815 3.0727014541626 -0.429636418819427 -0.0235305040726778 0.00093683438273276 0.883440986855899 0.467950275630328
1645864198.4977 -12.2996397018433 3.24798178672791 -0.425146162509918 -0.0247917357144178 0.000254819137619027 0.877911976814284 0.478179742224104
1645864198.69925 -12.419958114624 3.4784688949585 -0.407089173793793 -0.024442148280508 0.00261536755968231 0.874075799156378 0.485167227426896
1645864198.89908 -12.5186147689819 3.67730903625488 -0.474383234977722 -0.0335294154817859 0.00890610625708377 0.868586473190928 0.494321755700205
1645864199.09966 -12.6270513534546 3.91512370109558 -0.442251950502396 -0.0195086962254755 0.00744608880369419 0.86591671137457 0.499752154067753
1645864199.29954 -12.7410717010498 4.1548318862915 -0.446169227361679 -0.00379778993443308 0.0117304508888634 0.864631155196854 0.502255849917661
1645864199.49896 -12.8598203659058 4.40433979034424 -0.443421989679337 -0.00573996037336157 0.0123882808892598 0.864531692940044 0.502392809715409
1645864199.70301 -13.0228757858276 4.66127872467041 -0.509468019008636 -0.00970650437805044 0.0155022150128435 0.864471408610029 0.502349130384683
1645864199.90014 -13.1674509048462 4.97883987426758 -0.419051349163055 -0.00328676872530851 0.00738288811360958 0.862327266199067 0.506286851581287
1645864200.10128 -13.3135118484497 5.27043676376343 -0.505890250205994 -0.0111544102481713 0.0164435567374409 0.860147206821349 0.509658681051613
1645864200.29858 -13.4701519012451 5.59385108947754 -0.423088043928146 -0.00479548926355244 0.0116961217586409 0.859916382493997 0.510278374161563
1645864200.59883 -13.682315826416 6.05310392379761 -0.463327586650848 0.0102141571425901 0.0101057677949285 0.85223191882277 0.52296682589893
1645864200.79767 -13.8328437805176 6.40992879867554 -0.491775214672089 -0.00569777336451243 0.0185803375923489 0.842714325127858 0.538010104605797
1645864200.99976 -13.9459199905396 6.76581859588623 -0.414805293083191 0.00085152812911721 0.0156809735380449 0.832687051463076 0.55352114349361
1645864201.29888 -14.0960969924927 7.23874425888062 -0.440012753009796 -0.000643177894395451 0.0146623314086959 0.814517456255239 0.579953373828752
1645864201.499 -14.1490516662598 7.51813697814941 -0.460171073675156 -0.00172798444101721 0.0130246833854277 0.797006079290776 0.603828354142157
1645864201.70021 -14.1746168136597 7.79440879821777 -0.464566290378571 -0.00247095310565814 0.0162273055983788 0.772598543838871 0.634682644320626
1645864201.89707 -14.201265335083 8.04653453826904 -0.440902888774872 -0.000590812189130503 0.015949641434081 0.755085612459221 0.65543190167718
1645864202.2096 -14.2195596694946 8.35247135162354 -0.459948420524597 0.00310767075557209 0.0159193041938444 0.739663261319311 0.672781671860151
1645864202.39649 -14.2276859283447 8.50082969665527 -0.487204253673553 0.00252932538830852 0.0127167614228329 0.739000727198925 0.673579848044354
1645864202.59781 -14.2270851135254 8.66152858734131 -0.436166435480118 0.00243708498813826 0.0110387362428283 0.73937680925064 0.673196955475339
1645864202.7987 -14.2317142486572 8.79659366607666 -0.445260137319565 0.00251375854817578 0.0131321009790278 0.738765510861647 0.673829910959115
1645864202.99963 -14.2493600845337 8.95293521881104 -0.40874308347702 0.00261194842048359 0.0108345239156141 0.739980842530037 0.672535607611603
1645864203.19831 -14.2633466720581 9.10404014587402 -0.478971898555756 -0.002806184742616 0.0162711714327655 0.74197645129214 0.6702225899172
1645864203.49948 -14.2766017913818 9.40152454376221 -0.470093011856079 0.00276114063520121 0.0153883164665643 0.743379342618134 0.668687317651045
1645864203.69892 -14.3054342269897 9.64793872833252 -0.483313083648682 0.00101923491568985 0.0141678748330378 0.744053774283715 0.667968721915226
1645864203.89783 -14.3191118240356 9.92335414886475 -0.465583145618439 -0.002212586601356 0.0180270532737423 0.744539486530949 0.667331314121424
1645864204.09732 -14.3383560180664 10.1943101882935 -0.488498568534851 -0.00112365370672254 0.0197591849732644 0.746451470172587 0.66514548385201
1645864204.3012 -14.3704519271851 10.4862356185913 -0.497819781303406 0.00450408144360791 0.0169375015306309 0.748292045333859 0.663137880973723
1645864204.49967 -14.4022932052612 10.7788372039795 -0.49952632188797 0.000728766072857821 0.0175416002153274 0.748454263913515 0.662953977280155
1645864204.69843 -14.423285484314 11.0741672515869 -0.4261873960495 0.00719165798849431 0.015286650453157 0.749146554662927 0.66218882353145
1645864204.89994 -14.4492530822754 11.3388938903809 -0.523670971393585 0.000225065273219525 0.0168728705580845 0.747875044180336 0.663625025053315
1645864205.09818 -14.4640560150146 11.6244850158691 -0.509312868118286 -0.00216690318287421 0.0153503452796197 0.745671627196705 0.666133241794921
1645864205.30001 -14.471851348877 11.9083003997803 -0.476972460746765 0.00248831289917966 0.0151527516069114 0.738945385173188 0.673590320706069
1645864205.50137 -14.4788837432861 12.1707515716553 -0.498094171285629 0.00226227795538191 0.0114322717594265 0.721953818152207 0.69184309616872
1645864205.69956 -14.4471845626831 12.4365720748901 -0.478443562984467 0.00623238510646211 0.00891940492363415 0.701239233958006 0.712842996984386
1645864205.89916 -14.419792175293 12.6963367462158 -0.522608935832977 0.00395256052375334 0.0117712916670268 0.682356503880496 0.730914095889375
1645864206.09716 -14.3700065612793 12.957573890686 -0.485842287540436 0.00205544850382967 0.0107970041623838 0.664756192627198 0.74697952060037
1645864206.29809 -14.3209447860718 13.204927444458 -0.473214596509933 -0.00154452283084359 0.0126930580293728 0.658977853186025 0.752053648177725
1645864206.50016 -14.2838544845581 13.440357208252 -0.528951704502106 0.0046554811639189 0.0125702472300865 0.659032957469671 0.751994598616563
1645864206.7992 -14.2343883514404 13.7970447540283 -0.548818290233612 0.00702428485172508 0.0181995863313896 0.66158567539394 0.749615787315897
1645864207.00066 -14.1973524093628 14.0338468551636 -0.49281844496727 0.00545328234199617 0.012228914896883 0.663483181422809 0.748071375819989
1645864207.20134 -14.1670341491699 14.2731246948242 -0.50286591053009 0.00433011303721816 0.0124649901392445 0.670053775967444 0.742195265043967
1645864207.39765 -14.1504545211792 14.5059881210327 -0.543726563453674 -0.00223548127248174 0.0191596103739961 0.682539133272209 0.730594445301782
1645864207.59883 -14.150221824646 14.7509298324585 -0.546592116355896 1.0510122278545e-05 0.0179065506057437 0.701322319186255 0.712619365402143
1645864207.79993 -14.1694946289062 15.0037832260132 -0.513562858104706 -0.00356684812994138 0.0153100273475756 0.720236051596671 0.693550943073018
1645864207.99968 -14.1674346923828 15.2155895233154 -0.545945346355438 -0.00435789493769079 0.0140702193331904 0.723406452523017 0.69026526939119
1645864208.20009 -14.1538200378418 15.4673709869385 -0.491198152303696 0.00419837911247454 0.0154427151349202 0.722832838216544 0.690837596080225
1645864208.40288 -14.1636571884155 15.7102289199829 -0.505070626735687 0.00277953765794352 0.0168946994949199 0.722095986738901 0.69158096361522
1645864208.59919 -14.1614456176758 15.9389419555664 -0.558066248893738 -0.00532942915761545 0.0157952383565248 0.719316751006354 0.69448219512942
1645864208.79888 -14.1696815490723 16.200855255127 -0.591405630111694 -0.00177467296793296 0.0154609037501446 0.719967268093677 0.693833513074147
1645864208.99956 -14.1576280593872 16.4588470458984 -0.523612201213837 -0.000235560427632061 0.0105824788397141 0.718393157620175 0.695556774632673
1645864209.19799 -14.1654977798462 16.7273368835449 -0.582341969013214 -0.000706658316060855 0.0112846404944987 0.717000212109185 0.696981243189742
1645864209.39904 -14.1620178222656 17.0050201416016 -0.642974972724915 -0.000297702203482953 0.0202068301542173 0.713906964641777 0.69994888472265
1645864209.70006 -14.1292943954468 17.4109439849854 -0.483412444591522 0.00175343457708687 0.0155650759616402 0.710782953706715 0.703236977552696
1645864209.89976 -14.1241159439087 17.6591472625732 -0.576424777507782 0.00232405262175842 0.0230711774629558 0.710690684380153 0.703122372482311
1645864210.0972 -14.1179609298706 17.8886890411377 -0.561547338962555 0.00170408434087908 0.0190126655522584 0.708618533478431 0.705333530080652
1645864210.30073 -14.1142950057983 18.0996875762939 -0.584551453590393 0.00527982111278525 0.015449305470028 0.709733278740013 0.704281275839747
1645864210.49762 -14.1018085479736 18.3119850158691 -0.552738010883331 0.00713959462580154 0.0176655791782509 0.709414248092967 0.704534156804031
1645864210.80055 -14.1036100387573 18.6053848266602 -0.608922839164734 -0.000188376111187832 0.018393347509256 0.71012986486384 0.703830394562716
1645864210.99794 -14.1033601760864 18.8272666931152 -0.553967356681824 0.00669475211986149 0.0118771163820875 0.708105585705057 0.705974924408649
1645864211.19784 -14.0970602035522 19.0409564971924 -0.641239583492279 0.00338132058523306 0.0155995508827609 0.70706278882802 0.706970602881124
1645864211.50014 -14.067234992981 19.4025020599365 -0.587229549884796 -0.00112788299882604 0.0169438174890369 0.703744630379987 0.710250047617158
1645864211.69823 -14.0585613250732 19.6613063812256 -0.645255923271179 0.00368938303177198 0.0157618694021951 0.701237972519236 0.712743472662433
1645864211.89786 -14.0326147079468 19.9541931152344 -0.498009145259857 0.0121854359252856 0.0132531650342722 0.698616069572444 0.715270197969296
1645864212.09687 -14.0076236724854 20.2434940338135 -0.526370286941528 0.0046949411756801 0.0160532029885775 0.699304912980911 0.714627798844913
1645864212.29817 -13.9969081878662 20.5694236755371 -0.505691766738892 0.00780685928556955 0.0125037981370444 0.701294032823336 0.71271971174272
1645864212.49649 -13.9836759567261 20.8977565765381 -0.556048512458801 0.00119307979143278 0.00743935310965555 0.698899885814548 0.715179825075018
1645864212.69813 -13.9555759429932 21.2541675567627 -0.55903035402298 0.00224815608806948 0.0149050459968428 0.697317150104249 0.716604198681897
1645864212.89991 -13.9379472732544 21.5742015838623 -0.603940963745117 -0.00347723410536056 0.016086587621018 0.697543282633281 0.71635361337462
1645864213.19631 -13.9172735214233 22.0443420410156 -0.587934195995331 0.000770020951634233 0.0186346298180693 0.694535592045886 0.719216566147324
1645864213.39849 -13.8934497833252 22.3354873657227 -0.624982833862305 0.00399466005839998 0.0210122780067613 0.694712081657024 0.718969853654344
1645864213.69726 -13.8722686767578 22.7526531219482 -0.628191769123077 0.00157575633769376 0.0130754734284327 0.694785426899346 0.719096488348317
1645864213.89796 -13.8483572006226 23.0316963195801 -0.64172238111496 0.00427454523553748 0.0138460474841479 0.693707331717914 0.720111208878815
1645864214.09838 -13.8238925933838 23.3211002349854 -0.57023686170578 -5.3797570875023e-05 0.0139393183080545 0.691443729187422 0.722295827122322
1645864214.29818 -13.79576587677 23.6078910827637 -0.572218477725983 3.40367990089626e-05 0.0149678371033606 0.688413807930971 0.725163699962929
1645864214.49872 -13.7633399963379 23.8942947387695 -0.572266757488251 0.00510641295446694 0.01362845593421 0.687381738367976 0.726150490940967
1645864214.8036 -13.7314414978027 24.3411083221436 -0.631332516670227 0.00251954012900547 0.0164550181562197 0.687839456826911 0.725671940980962
1645864214.99925 -13.7034883499146 24.6324062347412 -0.619257986545563 0.0029981666026995 0.0138907942691735 0.685284140046705 0.728137146581632
1645864215.19763 -13.6635646820068 24.9161586761475 -0.650311350822449 -0.000699667488367813 0.015061840852904 0.684132508182102 0.729201866881863
1645864215.39736 -13.6365556716919 25.208402633667 -0.622388899326324 5.946008717061e-05 0.0153491662799615 0.683702958110085 0.729598975212087
1645864215.59986 -13.6081447601318 25.4965438842773 -0.618859052658081 0.00338501521505943 0.0121487919999672 0.681910827696223 0.731326583405517
1645864215.89869 -13.5666589736938 25.9461288452148 -0.611944079399109 0.0014689971189533 0.0111049522105144 0.682607306715926 0.730699518887139
1645864216.09943 -13.5413656234741 26.245397567749 -0.618975639343262 0.0051323385667202 0.0134586128713799 0.682080185800256 0.731135517519908
1645864216.39753 -13.4737195968628 26.7121772766113 -0.642852067947388 0.00618232898779705 0.00718735375536713 0.676781533782372 0.736122867655571
1645864216.59728 -13.4407253265381 27.0646419525146 -0.689599275588989 0.00128691365029131 0.0151895583378945 0.67461258241212 0.738014555968924
1645864216.79842 -13.3976850509644 27.4043941497803 -0.645073473453522 0.00782612007736535 0.0157079010839847 0.671183999559973 0.741083026672956
1645864217.10015 -13.2666921615601 27.9316062927246 -0.643335521221161 0.00106486698661768 0.0133048806881628 0.644907667958469 0.764143930170582
1645864217.29955 -13.1698331832886 28.2979469299316 -0.607658088207245 0.00406884788880318 0.00670212233541924 0.626600355491106 0.779301302790825
1645864217.49685 -13.0692911148071 28.6479187011719 -0.723125755786896 0.00557317839953922 0.0115652625999717 0.60583620813455 0.795485809613641
1645864217.79708 -12.8606672286987 29.1686706542969 -0.61121267080307 0.00480378822784656 0.00967934129852156 0.594198693448129 0.804245700439378
1645864217.99907 -12.7727842330933 29.4879932403564 -0.612889528274536 0.00731191551431439 0.0133336309443809 0.598238099012285 0.801174092858424
1645864218.19858 -12.6662063598633 29.8040027618408 -0.660120725631714 0.00251662544976333 0.0132962881721199 0.596265652085248 0.802673126160671
1645864218.39873 -12.5663356781006 30.0693264007568 -0.533987820148468 0.00651265960737481 0.00685319117079788 0.58798795096477 0.808814433943822
1645864218.59877 -12.4490032196045 30.3532848358154 -0.635522902011871 0.00456334886431948 0.00381492188060955 0.572479526889832 0.81989744084866
1645864218.79905 -12.3287477493286 30.619499206543 -0.575456440448761 0.0058433878855878 0.00635660720920653 0.554491544976641 0.832144563710071
1645864218.99974 -12.1665277481079 30.8827285766602 -0.593730688095093 0.00278647751384608 0.00785606597809596 0.533826669792324 0.845552839501382
1645864219.19612 -12.0107088088989 31.1192779541016 -0.686692357063293 -0.000241763711504733 0.00847461591475112 0.510938013271097 0.859575749442706
1645864219.3982 -11.8532390594482 31.3541564941406 -0.665467500686646 0.00861385189789717 0.00413989721373317 0.494250097821696 0.86926722221063
1645864219.69715 -11.6122531890869 31.7426013946533 -0.632799923419952 0.00614162921627708 0.0118602656740347 0.486474793728825 0.873592519173103
1645864219.89638 -11.4386644363403 31.9643402099609 -0.626874804496765 0.00387923975516528 0.013022619022383 0.477168398482815 0.878706823907761
1645864220.20055 -11.1759366989136 32.2950019836426 -0.691844642162323 0.0113381596551698 0.0144820021052006 0.462994600119854 0.886170253399715
1645864220.3997 -10.9921531677246 32.5095748901367 -0.671570539474487 0.0038284645674786 0.00810684145120897 0.442127864505378 0.896907226756845
1645864220.5984 -10.8047857284546 32.6974563598633 -0.684151232242584 0.00792078979666878 0.00948473029923846 0.41985978860144 0.907504853373084
1645864220.79695 -10.6045331954956 32.8628349304199 -0.629664897918701 0.0180006798176058 -0.00637509105232668 0.399944221649469 0.916340522573011
1645864220.99873 -10.4145498275757 33.0708847045898 -0.708753108978271 0.012158440460263 0.00332369840689395 0.3987150304893 0.916988249551973
1645864221.19813 -10.2359867095947 33.2492065429688 -0.626058220863342 0.0115887312082611 0.00408491186272396 0.404371324699139 0.914512354517488
1645864221.39677 -10.0518970489502 33.4390525817871 -0.644765257835388 0.0122434498393309 0.00828698047460235 0.407547528827483 0.913064310789365
1645864221.59784 -9.88034248352051 33.6272315979004 -0.66018283367157 0.0108480858580605 0.00667653082583925 0.405674737451626 0.913928744685767
1645864221.79952 -9.72109508514404 33.8115730285645 -0.67372065782547 0.0148809222349983 0.0031822375065642 0.409953741726879 0.911979364438702
1645864221.99593 -9.51316165924072 34.047046661377 -0.697027444839478 0.0115446562625583 0.00746456177191168 0.422003445402349 0.906489985216538
1645864222.19735 -9.29147911071777 34.2811393737793 -0.627961099147797 0.0114795038985341 0.00557410486410632 0.430888589423249 0.902314897278134
1645864222.3978 -9.07972812652588 34.4968528747559 -0.597537219524384 0.0106126109084305 -0.000134381850177879 0.412804722529049 0.910757715031248
1645864222.59828 -8.8392333984375 34.7054138183594 -0.631989359855652 0.00859049263846261 -0.00135393911416771 0.380983818820447 0.924540804984881
1645864222.79824 -8.5951566696167 34.8846893310547 -0.649083733558655 0.0173689910906479 -0.000576171007502747 0.347300689420278 0.937592777971153
1645864222.99626 -8.33889389038086 35.0871162414551 -0.648047804832458 0.00780327188835934 -0.00198159432335944 0.317985160934619 0.948061506262731
1645864223.19684 -8.02242565155029 35.2611312866211 -0.697888433933258 0.0135165364888963 0.0127252428052447 0.297270944859993 0.954612673694907
1645864223.40074 -7.73435354232788 35.4421310424805 -0.584343016147614 0.00563547564955449 -0.000805562560555306 0.278370820273733 0.960456807411605
1645864223.59937 -7.41259860992432 35.5811500549316 -0.639453828334808 0.0175265645905652 0.00305627814923387 0.255186093573064 0.966728263962757
1645864223.79849 -7.10083150863647 35.7423057556152 -0.584674119949341 0.0128187632525339 -0.00479155494223926 0.245750593010269 0.969236486284442
1645864223.99924 -6.82418727874756 35.9129524230957 -0.605373620986938 0.00559449656857513 -0.00375939825230343 0.242608707151004 0.970100811126062
1645864224.20022 -6.49963283538818 36.0208282470703 -0.583672344684601 0.00848793450780046 -0.00381011555432591 0.238234433315834 0.971163113369704
1645864224.39991 -6.18761587142944 36.1584510803223 -0.592732071876526 0.0113624586284073 -0.000827835100602438 0.221972251881998 0.974986424837494
1645864224.59993 -5.88540172576904 36.2869720458984 -0.608142733573914 0.00999989264531426 0.00185497119937948 0.202895249181049 0.979147628853122
1645864224.79752 -5.5530834197998 36.3594436645508 -0.545854985713959 0.010871479230205 0.00228121055358002 0.183194340772552 0.98301395744245
1645864225.00168 -5.21859931945801 36.4642181396484 -0.576521813869476 0.0172828383757656 -0.00554479626543664 0.16487836765092 0.986146886935623
1645864225.1979 -4.88739156723022 36.5156631469727 -0.49407297372818 0.0123483141946764 -0.0049924066885027 0.147394821725594 0.988988049240478
1645864225.39705 -4.51956415176392 36.6187973022461 -0.578610062599182 0.0140161544572623 0.00203436413406614 0.136645210070481 0.990518801104549
1645864225.59749 -4.1905198097229 36.7036781311035 -0.576442718505859 0.011262523163067 -0.00222816695489827 0.126216157178369 0.991936324826926
1645864225.89969 -3.65276050567627 36.7827529907227 -0.546413958072662 0.0135084188727735 -0.00285797517896833 0.0951358280734594 0.9953685391925
1645864226.09849 -3.30959296226501 36.8057556152344 -0.551103055477142 0.0186900878963164 -0.00257105901449687 0.0674099246434297 0.997546977505089
1645864226.29813 -2.91972160339355 36.8072471618652 -0.525809347629547 0.0198897302651643 -0.00728187031492021 0.0478890776254376 0.99862806351458
1645864226.49664 -2.57049512863159 36.8395957946777 -0.547845721244812 0.0212689043017808 -0.00997381178517808 0.0415947135427327 0.998858366633415
1645864226.69699 -2.18484973907471 36.8623580932617 -0.55248236656189 0.0173955639568129 -0.00721488942747828 0.0401802545181707 0.999014958282422
1645864226.89746 -1.81489932537079 36.8813819885254 -0.530461490154266 0.0167229009256744 -0.00418425419600048 0.044799601257404 0.998847251750052
1645864227.09784 -1.49664402008057 36.906063079834 -0.501455187797546 0.0115358754977158 -0.00924609311778316 0.0429755858272624 0.998966732359673
1645864227.30029 -1.1595470905304 36.9057273864746 -0.475780934095383 0.0087047381148792 -0.00862171914669967 0.0292108364949025 0.999498184352815
1645864227.60078 -0.663165926933289 36.8860626220703 -0.470564514398575 0.0182410697050973 -0.00375035210571554 0.0191087129585247 0.999643964281366
1645864227.79709 -0.332608371973038 36.8973922729492 -0.451083183288574 0.0113878264964223 -0.00572230833469701 0.013079157232553 0.999833240216135
1645864227.99753 -0.0455620214343071 36.885139465332 -0.511477291584015 0.0195662623383938 0.00089654438683883 0.00999784669765995 0.999758171083226
1645864228.29926 0.420382112264633 36.8714408874512 -0.452755600214005 0.0149568839446028 -0.0110260460671238 0.00679294255585287 0.999804267775561
1645864228.49938 0.707993626594543 36.8573760986328 -0.391580522060394 0.0161411556366643 -0.0190597122443505 0.00531248400541309 0.999673930828232
1645864228.6986 0.983086943626404 36.8462066650391 -0.421316355466843 0.0192565079346393 -0.0138467726385891 0.00782228408511239 0.999688084184937
1645864229.00337 1.34847033023834 36.8832092285156 -0.49382808804512 0.0142227953573485 0.00262675303838484 0.00501928009281838 0.999882802676418
1645864229.19895 1.59524810314178 36.8477096557617 -0.402282863855362 0.0127566243638791 -0.0151242043559876 0.00473109281414307 0.999793050455054
1645864229.39991 1.80953633785248 36.8428039550781 -0.424626916646957 0.011363432899672 -0.00757254933518641 0.00496090831417497 0.999894453568975
1645864229.69768 2.07803916931152 36.8381233215332 -0.420960336923599 0.0129350304057658 -0.00651103496004 0.00500141056158615 0.999882631764621
1645864229.89749 2.2376971244812 36.8350296020508 -0.429156631231308 0.0141920058082226 -0.00381201180940341 0.00231235740434615 0.999889348148253
1645864230.09701 2.38530707359314 36.8265609741211 -0.386626660823822 0.00828512820288108 -0.00699354302058542 -0.000479009217832191 0.999941107044235
1645864230.39777 2.56771302223206 36.8175354003906 -0.383695423603058 0.0100612337004074 -0.0118683572269027 -0.000130977418263011 0.999878940931389
1645864230.59792 2.69044756889343 36.8051376342773 -0.372701674699783 0.0104441819917477 -0.00979056491889795 -0.00210299313680503 0.999895315181024
1645864230.79835 2.81789469718933 36.8068199157715 -0.409228712320328 0.0161184659865089 -0.00920304512423603 -0.00152238559573041 0.999826575640386
1645864231.09841 3.09089636802673 36.7951393127441 -0.424524962902069 0.0119570538531567 -0.00218027028289922 -0.00481520665378631 0.999914540883133
1645864231.29649 3.29321002960205 36.782039642334 -0.394936412572861 0.0131412868532402 -0.0107822614555593 -0.00546179725963921 0.999840596389464
1645864231.49969 3.48986721038818 36.7753448486328 -0.39098247885704 0.0133286546008674 -0.0115179852282976 -0.006963735964175 0.999820578586094
1645864231.79854 3.83898282051086 36.746524810791 -0.33057165145874 0.012571669597191 -0.0165432869414139 -0.00604497234059753 0.999765838129167
1645864231.99853 4.06137466430664 36.7268714904785 -0.313913553953171 0.010202385760059 -0.014339275097353 -0.00645288926618358 0.999824312934329
1645864232.19879 4.25231599807739 36.7425842285156 -0.372481763362885 0.00862707493661493 -0.00469235636631649 -0.00951988800012906 0.999906459176174
1645864232.49704 4.5555534362793 36.7103805541992 -0.316532999277115 0.0108465133885155 -0.0163977462384891 -0.0111354132930579 0.999744702229726
1645864232.69619 4.7619571685791 36.6853332519531 -0.303097635507584 0.0137747489185123 -0.0148319287244655 -0.0114409528804771 0.999729650845533
1645864232.89752 4.94883394241333 36.6864204406738 -0.332210659980774 0.0139300341857572 -0.00601195889563701 -0.0144805005474994 0.999780038609351
1645864233.1979 5.28553104400635 36.640308380127 -0.279543519020081 0.0131585386074 -0.0130575903071308 -0.0189879383022288 0.999647843190851
1645864233.39857 5.50770473480225 36.6417350769043 -0.338766038417816 0.0170338600333957 -0.0129028243625399 -0.0180171705676352 0.999609296825799
1645864233.59619 5.76287460327148 36.6081466674805 -0.305695086717606 0.0187630925167112 -0.0103219142421236 -0.0186607144603409 0.999596509688493
1645864233.90078 6.11911153793335 36.5868682861328 -0.305151969194412 0.00904407004737146 -0.00558708456089874 -0.0254646691155039 0.999619197449672
1645864234.0962 6.32090759277344 36.57177734375 -0.323443919420242 0.0160666177288238 -0.0107615319411553 -0.0243630671416859 0.999516130027167
1645864234.39794 6.6570291519165 36.5237312316895 -0.243652522563934 0.0186721314684433 -0.0166827762676247 -0.0229502543817092 0.999422994685556
1645864234.70039 6.99914073944092 36.501392364502 -0.275880843400955 0.0180757694162887 -0.00697114225109289 -0.0292315386670216 0.999384904270063
1645864234.89802 7.21467256546021 36.4860038757324 -0.28506150841713 0.0177308443395888 -0.00099183521510335 -0.0318703210432462 0.999334236408676
1645864235.19777 7.58017873764038 36.4243621826172 -0.26105585694313 0.0176872839221161 -0.00306256127361914 -0.0315160502629218 0.999342043187281
1645864235.39758 7.77048063278198 36.4182472229004 -0.291419237852097 0.0207302737570382 -0.0048405109916205 -0.0335287971267295 0.999211011231628
1645864235.60136 7.98883628845215 36.401050567627 -0.249653682112694 0.0183529331071761 -0.00890085726701697 -0.0287922264998569 0.999377282251031
1645864235.8975 8.33758640289307 36.3731536865234 -0.226484745740891 0.0182702195363604 -0.0125276786769889 -0.0136985752831961 0.999660745143206
1645864236.09671 8.59162712097168 36.379997253418 -0.226600930094719 0.0187292290958354 -0.00737849316736668 0.017784766880704 0.999639172843408
1645864236.39814 8.90608787536621 36.3998260498047 -0.214157149195671 0.0184755437739446 -0.00675578836000107 0.0413819196927716 0.998949723623983
1645864236.59818 9.10637855529785 36.4261093139648 -0.230967730283737 0.0136012787126264 -0.0113651215596999 0.0408726697186598 0.999007139163372
1645864236.89652 9.42344856262207 36.4337005615234 -0.210191562771797 0.0165595971045408 -0.0128691856833748 0.04063481269519 0.998953940780459
1645864237.09933 9.64162540435791 36.4358901977539 -0.233626663684845 0.0193802002941126 -0.00813403145344855 0.0251273222632052 0.99946328749222
1645864237.40001 9.95112609863281 36.367374420166 -0.176752701401711 0.0156645200369423 -0.0117094907531516 -0.031059622992484 0.999326178211038
1645864237.59858 10.1490278244019 36.3619842529297 -0.190554484724998 0.0167000619518796 -0.0085294100868215 -0.0386246213340034 0.999077822655062
1645864237.89733 10.4530038833618 36.3320426940918 -0.209934502840042 0.0213663329941223 -0.00383337933632952 -0.0349990125361132 0.999151567150222
1645864238.0986 10.6530303955078 36.3266716003418 -0.181066960096359 0.0246044399705932 -0.0107270224817859 -0.0123344323062857 0.999563611933773
1645864238.3962 10.9648847579956 36.3292808532715 -0.140203237533569 0.01868738101034 -0.0159347713265123 0.0193527133550402 0.999511049133297
1645864238.60731 11.1708860397339 36.3404693603516 -0.172433137893677 0.0169760449263963 -0.00780093517411178 0.02909927584688 0.999401916875415
1645864238.89684 11.4465942382812 36.3427772521973 -0.154742330312729 0.0204410591283099 -0.00710693634179391 0.0285950858583754 0.999356780945774
1645864239.09905 11.6422147750854 36.3499870300293 -0.14300175011158 0.0213967488869819 -0.00543760694248776 0.028293429994581 0.99935583922192
1645864239.39585 12.027946472168 36.3207855224609 -0.0882780775427818 0.0176712503698265 -0.00951298302682859 0.0256839233111187 0.99946864190311
1645864239.5974 12.2504215240479 36.3372535705566 -0.112075522542 0.0140839692793442 -0.00916279615608415 0.0217207961548715 0.999622874883493
1645864239.90046 12.6103096008301 36.3404350280762 -0.0803825333714485 0.0234008763525108 -0.0229079095225961 0.0228956766137934 0.999201388439605
1645864240.09781 12.9111986160278 36.344783782959 -0.114341698586941 0.0184198511593676 -0.0160919265030113 0.0205903487028137 0.9994887675832
1645864240.40007 13.4203119277954 36.3563613891602 -0.121108919382095 0.0212886394862944 -0.00569007097980927 0.0191444410890171 0.999573862851794
1645864240.59863 13.760082244873 36.3498802185059 -0.0840274691581726 0.0183870223794983 -0.00693672449497914 0.017661007298643 0.999650883099942
1645864240.89656 14.3055200576782 36.3418998718262 -0.0518008694052696 0.0190121009776607 -0.0082797017777623 0.0150429070849633 0.999671794891363
1645864241.0983 14.6804285049438 36.3259429931641 -0.0315151996910572 0.02027697081749 -0.00802449776814781 0.0148179420647988 0.999652379821606
1645864241.3979 15.2336435317993 36.3448753356934 -0.0861886218190193 0.0158877905606199 -0.00403094927308263 0.00986484752920374 0.99981699042489
1645864241.6958 15.7958078384399 36.33056640625 -0.0598128996789455 0.0166991037630997 -0.0165626270705012 0.00763030547123944 0.999694252137346
1645864241.89868 16.1755485534668 36.2989044189453 -0.0133458180353045 0.0183590563617725 -0.0115328135099936 0.00306017788562277 0.999760258548697
1645864242.1972 16.7180442810059 36.2804412841797 0.0561269670724869 0.0218337368375813 -0.0192800242724652 0.000342078998090503 0.999575635748351
1645864242.49796 17.298770904541 36.2686500549316 -0.0142832696437836 0.0225246291317696 -0.00472850557567979 -0.00131892631399721 0.999734236060202
1645864242.79777 17.8816699981689 36.2322807312012 0.0444012098014355 0.0168954352763239 -0.0148117335149173 -0.00207763875853976 0.999745387703437
1645864242.9981 18.2505187988281 36.2084426879883 0.0940801575779915 0.0130897405944202 -0.0196557306215428 -0.00446505622411184 0.999711145390417
1645864243.29678 18.8212699890137 36.2330703735352 0.00908943079411983 0.015834074022306 -0.0122646536533417 -0.00331741834947024 0.999793906315754
1645864243.59798 19.3998126983643 36.1880187988281 -0.0220318902283907 0.0108062755924125 0.00242853512695224 -0.0122069868239294 0.999864148821048
1645864243.798 19.7701282501221 36.1560821533203 0.0517193600535393 0.0288133647850155 -0.0119234722066622 -0.0158984444908183 0.999387242405603
1645864244.0971 20.3379726409912 36.0962753295898 0.0702241808176041 0.0237673450187019 -0.0140878412811199 -0.0182655931364052 0.99945135656828
1645864244.39748 20.9361152648926 36.0350570678711 0.122332021594048 0.0182129302747197 -0.0123032588350612 -0.0198384075000977 0.999561582185263
1645864244.69916 21.5173301696777 36.005443572998 0.0882485061883926 0.0165438418581077 -0.00447330789807297 -0.0225415551308799 0.999599004153818
1645864244.99775 22.0806980133057 35.938175201416 0.143069341778755 0.0153645968832062 -0.00774992153691165 -0.0262287306478722 0.999507839672801
1645864245.20484 22.4405460357666 35.9143409729004 0.11117809265852 0.0130245656252082 -0.0113555863835417 -0.0294470217517422 0.99941697216833
1645864245.49989 23.034517288208 35.8547859191895 0.115118838846684 0.0210501332916719 -0.0081063741455299 -0.0316420833572767 0.99924469332963
1645864245.8015 23.6127128601074 35.7805099487305 0.184053927659988 0.0188039767512542 -0.0107263163505144 -0.0264026360454986 0.999416958734309
1645864246.09879 24.1827564239502 35.7429008483887 0.231766536831856 0.0220325978469382 -0.0076692133133519 -0.020267731561831 0.999522369362791
1645864246.39997 24.7709350585938 35.7027931213379 0.186882168054581 0.0239386241631462 -0.00647369500607923 -0.0201409181323208 0.999489558206053
1645864246.69765 25.3019561767578 35.6311950683594 0.359678208827972 0.021608633649866 -0.0175837732733131 -0.0280381351906364 0.999218565101895
1645864247.0002 25.8894901275635 35.5672340393066 0.338269740343094 0.0232693275562255 -0.017398222188444 -0.0273117732174107 0.99920463735087
1645864247.29756 26.4604034423828 35.5617942810059 0.220071569085121 0.022813556266376 -0.0122407587322677 -0.0133575535293691 0.999575550541253
1645864247.60058 26.9557800292969 35.515022277832 0.307401239871979 0.0246601961183086 -0.0144318554689455 -0.00652304859555357 0.999570430791222
1645864247.89723 27.3576602935791 35.4950103759766 0.314679503440857 0.0220193447362824 -0.0128835768246065 -0.00645394402806213 0.999653694292214
1645864248.20061 27.685266494751 35.4690284729004 0.345616102218628 0.0233381784502706 -0.0109474110404129 -0.00589305519610783 0.999650316620063
1645864248.39696 27.8426361083984 35.4518775939941 0.354760766029358 0.0242735789314384 -0.0136269307531455 -0.00792675673478164 0.999581045564478
1645864248.69797 28.0276870727539 35.4497756958008 0.340780407190323 0.0244065392481422 -0.00975791877428024 -0.00946345853051001 0.99960969723976
1645864248.99686 28.1557006835938 35.4426651000977 0.34108766913414 0.0227928002361384 -0.00872463329059 -0.0129202795748605 0.999618644987701
1645864249.49652 28.3164081573486 35.4240226745605 0.351672500371933 0.0259281108236673 -0.0107891169198543 -0.00489329947399801 0.999593609246009
1645864249.79617 28.4653987884521 35.4223403930664 0.363018900156021 0.025717219061322 -0.0116482870505382 0.00927220233004384 0.999558386647069
1645864249.99655 28.5771617889404 35.425407409668 0.368047893047333 0.0263211803393508 -0.0103823916287039 0.0223472656522693 0.999349789176682
1645864250.29731 28.769567489624 35.4524345397949 0.37416735291481 0.0260899104758283 -0.0109175210714702 0.0445469899187232 0.998606874597906
1645864250.49612 28.9278526306152 35.4719123840332 0.339057207107544 0.0236175422253002 -0.0104367486886898 0.0451499005640418 0.9986464702061
1645864250.79755 29.2169170379639 35.4771118164062 0.419039905071259 0.0171755719474431 -0.0158528751032368 0.0428117600810512 0.998809711245341
1645864251.09702 29.5209827423096 35.4912757873535 0.372076094150543 0.0249531800118714 -0.00922575528925791 0.0411439482131974 0.998798978659904
1645864251.39653 29.8388328552246 35.5107002258301 0.367258012294769 0.0207864238621882 -0.00676397809872436 0.0385308203979015 0.999018292656729
1645864251.59877 30.0554389953613 35.4970359802246 0.450392603874207 0.0233813461969527 -0.0161075098997257 0.0385643932194903 0.998852665987563
1645864251.89706 30.5023460388184 35.5417709350586 0.350279301404953 0.0215045018225683 -0.00543519386508256 0.0358327752604555 0.999111619032701
1645864252.09592 30.7768878936768 35.5307159423828 0.451574772596359 0.0247589191990868 -0.0120041585096747 0.0324376296846947 0.999094938571408
1645864252.39879 31.2402667999268 35.5234260559082 0.436669737100601 0.0249109682107712 -0.0189439876525378 0.0212837471688047 0.999283528885109
1645864252.5968 31.5601081848145 35.5048637390137 0.407125473022461 0.0312469899243018 -0.0144199900204236 0.0144593884090621 0.999303064938419
1645864252.89615 32.0328483581543 35.4634971618652 0.505479514598846 0.0402889087553055 -0.0132680884486509 0.0085222296816372 0.999063628234698
1645864253.19675 32.5635643005371 35.460334777832 0.475932031869888 0.0375160462705799 -0.00660519833921016 0.0109083877863621 0.999214653967317
1645864253.49756 33.1025314331055 35.4460487365723 0.572683751583099 0.0350152654467555 -0.00647513763924505 0.0138134257123959 0.999270330315243
1645864253.7976 33.6885299682617 35.4942779541016 0.514444351196289 0.0275252145210763 -0.0014950114701939 0.0247734746327014 0.999312965222055
1645864253.999 34.0721702575684 35.5118789672852 0.5358766913414 0.0157151750895162 -0.00123168513361516 0.027865065754263 0.999487395785534
1645864254.29816 34.5962753295898 35.5305328369141 0.479409098625183 0.0136704733184322 -0.01302073508471 0.0227003184722872 0.999564042049513
1645864254.49709 34.9841690063477 35.5315322875977 0.541312217712402 0.0154846180409445 -0.0134584807760597 0.0202580915099569 0.999584266396636
1645864254.79827 35.5159378051758 35.5198707580566 0.587495982646942 0.0173927158842881 -0.0114104469403714 0.0152249275156519 0.999667693144543
1645864255.09648 36.0287742614746 35.4788703918457 0.640263378620148 0.023004492181731 -0.0145282457545228 0.00957845507747234 0.999583901737661
1645864255.39628 36.5556983947754 35.4754791259766 0.608468651771545 0.0173184730687347 -0.0134229969289753 0.00936179999404016 0.999716084868541
1645864255.69768 36.9974555969238 35.4953155517578 0.593134999275208 0.016814008069782 -0.00988633012557919 0.00976571634275426 0.999762061889523
1645864255.89814 37.2511825561523 35.4805908203125 0.631983041763306 0.0147495979701384 -0.0110667096301596 0.0105820992365077 0.999773972692543
1645864256.20088 37.5736427307129 35.4657554626465 0.761090397834778 0.00896496705827729 -0.0175763711913937 0.00758780904253086 0.999776537880001
1645864256.49667 37.8649559020996 35.4672088623047 0.684662401676178 0.0131270530306925 -0.0136537123596086 0.00732168635491945 0.999793803504728
1645864256.69496 38.0685157775879 35.4628410339355 0.658697128295898 0.0199022904316776 -0.0105234535246397 0.00927591849287105 0.99970351259641
1645864256.99717 38.3742218017578 35.4561882019043 0.692638576030731 0.0150864124903868 -0.012041331084927 0.00575102865215047 0.999797145511686
1645864257.19876 38.6174812316895 35.454288482666 0.585413217544556 0.0129568590549055 -0.00462588078783428 0.00229115225729827 0.999902731095231
1645864257.49743 39.0298118591309 35.4328651428223 0.723374307155609 0.0110352797181674 -0.00426543316066694 0.00359869734585973 0.99992353610609
1645864257.80026 39.5037574768066 35.4324035644531 0.590961217880249 0.0141066251286999 -0.000299184571861547 -0.00102489880150682 0.999899926591915
1645864258.09831 40.0007934570312 35.3989868164062 0.693970441818237 0.0116618016937071 -0.00814990561928383 -0.00319350455451825 0.999893685822805
1645864258.39715 40.5315818786621 35.3501777648926 0.796304881572723 0.0121209371836387 -0.00499489078559797 -0.0110209660632484 0.999853325370708
1645864258.59876 40.9361228942871 35.3477249145508 0.629812061786652 0.0150904230363757 -0.00330088669058064 -0.00821137133462007 0.999846966620614
1645864258.9085 41.4345054626465 35.3094253540039 0.756267189979553 0.0195795612536787 -0.0080102282875015 -0.00348309906573484 0.999770146105991
1645864259.09609 41.7993278503418 35.3393020629883 0.664066135883331 0.013416526303722 0.00787778658376925 0.00290396156242944 0.999874744309369
1645864259.39866 42.1633415222168 35.2847061157227 0.799220740795135 0.0120254553076609 -0.00775289514733048 -0.00963850471350131 0.999851179060347
1645864259.69499 42.5537452697754 35.2486724853516 0.760166108608246 0.0210638619594614 -0.00037460389874754 0.00821345374082524 0.999744323599249
1645864260.00045 42.8989715576172 35.3013343811035 0.781327188014984 0.0126549119704635 -0.00223705094407422 0.0329816317524961 0.9993733340314
1645864260.30062 43.2569274902344 35.3312530517578 0.830807447433472 0.00906325835556882 -0.00169654051900497 0.0599422952084749 0.998159256002462
1645864260.49903 43.5332336425781 35.3541030883789 0.769270360469818 0.00630367991215364 0.00281890595545303 0.0600267852912121 0.998172882038168
1645864260.79541 43.908763885498 35.3812561035156 0.801475703716278 0.00430169893018956 0.0071014435629607 0.0560915285807607 0.998391108387444
1645864261.09689 44.3450889587402 35.4193382263184 0.768556773662567 0.00784778672394314 0.0106895684503862 0.0577042099450813 0.998245645883063
1645864261.29653 44.6716346740723 35.4565391540527 0.755324482917786 0.00443171924998207 0.0210324947473093 0.0672314562924978 0.997505852270544
1645864261.59806 45.0854263305664 35.4638938903809 0.899956464767456 0.00219685816000943 0.0174974109029096 0.0628971769900338 0.997864198953246
1645864261.99984 45.6804389953613 35.5864524841309 0.807904779911041 0.0055898831059423 0.0120187074420554 0.112096884014758 0.993608872983965
1645864262.29816 46.0978469848633 35.7335205078125 0.790007650852203 0.00888261267179737 0.0173421740551677 0.159800900601687 0.98695694959712
1645864262.59931 46.4494895935059 35.8571395874023 0.747627913951874 0.00461487266993968 0.0115179960969212 0.174533430488186 0.984573065017613
1645864262.79643 46.6557693481445 35.9042053222656 0.843582272529602 -0.000821276312322304 0.00716196761209834 0.173231711962425 0.984854712988525
1645864263.09632 46.9831199645996 36.0068550109863 0.75653737783432 0.00873452815787787 0.0113445515576229 0.185377819138019 0.982563012401468
1645864263.39612 47.2554016113281 36.1102333068848 0.77904224395752 0.00669037452460315 0.0116502572178931 0.195021502448353 0.980706951121621
1645864263.59648 47.4149017333984 36.1774787902832 0.816982924938202 0.00536863322803304 0.0136755335118802 0.201040003453448 0.979472855454334
1645864263.89743 47.7073516845703 36.316291809082 0.768233835697174 0.00307238365880349 0.0189420959848259 0.214265338980847 0.976586976141796
1645864264.09795 47.9467811584473 36.3874702453613 0.669694006443024 0.0104366405450121 0.0255680171948561 0.222319434595092 0.974582691223365
1645864264.39584 48.2606353759766 36.5618858337402 0.754695534706116 0.0053323344940785 0.0176934140211859 0.241491240469357 0.970227030176798
1645864264.59624 48.5336647033691 36.7105941772461 0.798584878444672 0.00930803351665149 0.0239243395704003 0.259100006290964 0.965509281792876
1645864264.89557 48.9019012451172 36.9497375488281 0.669948041439056 -0.00250016368123353 0.0299646034328932 0.295502555450715 0.954868635700626
