0.999987692680807 -3.12232209717112e-05 -0.00496120066382229 -1.43223820326562e-26 -1.16413014776539e-10 0.99998019649051 -0.00629337960095435 2.93362815167487e-25 0.0049612989142198 0.00629330214690034 0.999967889415041 -1.24700928087469e-24
0.999989789995249 -0.000132089728209307 0.00451690796461004 -0.138092383742332 0.000156180023712714 0.999985765001692 -0.00533342308287672 -0.00233850465156138 -0.00451613917602737 0.00533407407939472 0.999975575772058 -0.00460055004805326
0.999944372987538 -0.00182803999074638 0.0103879353267156 -0.265197306871414 0.00188088746006805 0.999985328336979 -0.00507989893068695 0.00775610702112317 -0.0103784966600348 0.00509915488837784 0.999933140478153 -0.000412990775657818
0.999942798662175 -0.00197115655397239 0.0105125613195092 -0.390865534543991 0.00205550981069505 0.999965732386358 -0.00801928503250124 0.00317406328395009 -0.0104963938128695 0.00804043499159677 0.999912584740322 -0.00510520534589887
0.999940036398289 -0.00247573960607255 0.0106674421109907 -0.535410642623901 0.00256682678859912 0.999960293839775 -0.00853358916914489 0.0127095337957144 -0.010645891603137 0.00856045894057911 0.999906687413731 -0.0226534977555275
0.999965751576091 -0.00499375928281304 0.00659985174750044 -0.680160939693451 0.00500700278000342 0.999985481544812 -0.00199163820793507 0.0260777063667774 -0.00658981016605972 0.0020246154735128 0.999976237384749 0.000674096576403826
0.999945767317878 -0.00852562555444801 0.00598131523707318 -0.850237011909485 0.00850140849074307 0.999955609701535 0.00406259524253731 0.0463529415428638 -0.00601568589052175 -0.00401152531295867 0.999973859252296 -0.0103815253823996
0.99990868441852 -0.0127721706011037 0.00441525566201709 -1.00821995735168 0.0127501494595603 0.999906311299568 0.00498019196919428 0.0497628301382065 -0.00447844986390883 -0.00492344203047584 0.999977851357413 -0.0304430648684502
0.999816830669533 -0.0188513008426041 0.00330659439176059 -1.13302314281464 0.0188268010895352 0.999796180935327 0.00729027762636327 0.0362151823937893 -0.00344335166154509 -0.00722668967619408 0.999967958629505 -0.00141017511487007
0.999697337743953 -0.0236384739712357 0.00681582393880104 -1.27944231033325 0.0236037190561835 0.999708204029671 0.00513529380712538 0.0376559272408485 -0.00693522561783561 -0.00497286075412838 0.999963585987785 0.00102844054345042
0.999644578788408 -0.0243341836057026 0.0108886917115904 -1.4338299036026 0.0243220161494783 0.999703396416118 0.00124848888775738 0.0114404819905758 -0.0109158430444293 -0.000983210212668239 0.999939937030373 -0.0624392628669739
0.999610262573982 -0.0255157692410134 0.0113255673947721 -1.58162295818329 0.0255162124918431 0.999674402890609 0.000105382043849091 0.0239336248487234 -0.0113245687266791 0.000183644611713122 0.999935858151817 -0.0605898387730122
0.999606515968824 -0.026626631429072 0.00882245608717949 -1.75415635108948 0.0266350287485392 0.999644875395607 -0.000835666719617225 0.0330777205526829 -0.00879707202621097 0.00107032426962242 0.999960732193881 -0.0763154178857803
0.999612855705993 -0.0271273286797931 0.00618439536310237 -1.91920006275177 0.0271513668055697 0.999623971043425 -0.00383663862808891 0.0256309490650892 -0.00607799209427718 0.00400306808231013 0.999973516378324 -0.0831869766116142
0.999641333799323 -0.0261699441217711 0.00568663209411416 -2.07691144943237 0.0261971509343704 0.99964544532905 -0.00476370819911046 0.0179479792714119 -0.00555994989476007 0.0049109731772673 0.999972484271252 -0.0873011723160744
0.999658580748636 -0.0258672654503283 0.00368870082072353 -2.2224063873291 0.0258984189621083 0.999627033945462 -0.00866400026901984 0.0151811931282282 -0.0034632110657116 0.00875657373181515 0.999955663309926 -0.0838865712285042
0.99971563017192 -0.0238186713049853 0.00115312064632395 -2.38278365135193 0.0238281628218762 0.99967492811279 -0.00906955121395371 0.0224994756281376 -0.000936721139970374 0.00909444885374812 0.999958205903403 -0.0820377022027969
0.999725504615196 -0.0232539404912236 0.00285826407514131 -2.54164361953735 0.0232575537408628 0.999728740643919 -0.00123746697526324 0.0328908376395702 -0.00282871276086615 0.00130360352662285 0.999995149489217 -0.0896612703800201
0.999612480775562 -0.0274035283402861 0.00489233198288732 -2.69376182556152 0.0274259043092759 0.999613407706543 -0.00456671721593036 0.036586157977581 -0.00476529648039689 0.0046991241540285 0.999977604840048 -0.0814471840858459
0.999478963606217 -0.0310471620919404 0.00882468326222896 -2.85494899749756 0.0311140783544828 0.999487328388712 -0.00754947140839315 0.0353339798748493 -0.00858576943511695 0.00782010974551004 0.99993256294951 -0.110127575695515
0.99926586396515 -0.0366386504444489 0.0111956423483244 -3.00381994247437 0.0367139196014314 0.999304067296229 -0.00659311707111238 0.0364196375012398 -0.0109462880229667 0.00699931273935125 0.999915590637377 -0.10879710316658
0.999186236933213 -0.0386817164071135 0.0114275430012259 -3.16292810440063 0.038733090101557 0.999240301824856 -0.00430893724196619 0.0378770008683205 -0.0112521844292517 0.00474805484068747 0.999925419379265 -0.0990522056818008
0.999183610939336 -0.038443818789436 0.012417102202758 -3.31773781776428 0.0385074408946804 0.99924617225717 -0.0049258730329199 0.0371450148522854 -0.0122183724763747 0.00540000243321751 0.99991077169303 -0.110362842679024
0.999146385683528 -0.0386133227061871 0.0146803026239806 -3.47003436088562 0.0386622921916916 0.999247628585655 -0.00306658253253496 0.0439747534692287 -0.0145508466429985 0.00363153900329333 0.999887536069152 -0.0982313826680183
0.999027247173924 -0.0424932089323586 0.0117850158558627 -3.6216082572937 0.0425505503112387 0.999083455833517 -0.00465821295849751 0.0407794006168842 -0.0115762719518313 0.00515514057877131 0.999919704002932 -0.116655252873898
0.998843275569909 -0.0463040751389139 0.0129631583460235 -3.78153824806213 0.0463625191921486 0.998915661788272 -0.0042446964858187 0.0363857932388783 -0.012752555153063 0.00484079121930361 0.999906965210984 -0.152821853756905
0.998657384586891 -0.0504671323296054 0.0116831829779544 -3.92996406555176 0.0504677151259661 0.998725662855229 0.000245121087259201 0.0351123549044132 -0.0116806652222639 0.000344831566386568 0.999931719244447 -0.145450592041016
0.998591330568739 -0.0527689454927888 0.0055491354762686 -4.09349679946899 0.0527585618081753 0.998605291766892 0.00200135231625889 0.0352471023797989 -0.00564700530262175 -0.00170576866542314 0.999982600690818 -0.133273959159851
0.998463634451444 -0.0548639017493905 0.00776678587614854 -4.24587678909302 0.0549095676764749 0.99847452269167 -0.00579369598993162 0.0253954231739044 -0.00743707305297837 0.00621126560970895 0.99995305396 -0.133578047156334
0.99848770838711 -0.0546714472064494 0.00577313261661687 -4.41393852233887 0.0547001276884614 0.998490643594969 -0.00493261433422703 0.0356683321297169 -0.00549474573776142 0.00524094587423112 0.999971169712218 -0.106852002441883
0.998427437469419 -0.0554017688239921 0.00856131528573308 -4.58180046081543 0.0554207206046505 0.998461103101215 -0.00199231562895075 0.0325918048620224 -0.00843776249429079 0.0024636568505025 0.999961366533234 -0.157125651836395
0.99825114327476 -0.0588254964796792 0.0058494371143266 -4.7227258682251 0.0588259889902018 0.998268248158396 8.79664264750828e-05 0.022276783362031 -0.00584448200954246 0.000256286337487708 0.999982888027267 -0.133238270878792
0.998212934195885 -0.0593782086403032 0.00672059094956936 -4.87949085235596 0.0593812748636602 0.998235341948687 -0.000257449323430425 0.0213105455040932 -0.00669344452499966 0.000656066502970835 0.999977383432813 -0.142074272036552
0.998065096845564 -0.0620259373416901 0.00434114680003447 -5.03364610671997 0.0620308548545358 0.998073723912932 -0.00100731355009385 0.0164594128727913 -0.00427030498562156 0.00127464954298344 0.999990069832632 -0.139062955975533
0.997815695018818 -0.0658921552831126 0.00469708912623923 -5.179443359375 0.0658982377734355 0.997825683756975 -0.00115199534814618 0.00101906247437 -0.00461096871269163 0.00145900893505285 0.999988305061843 -0.170482814311981
0.997592959945124 -0.0686585920435791 0.00970999518637911 -5.3384895324707 0.0687051602790601 0.997626650382963 -0.00454614085777446 0.00689387787133455 -0.0093748183424955 0.00520232489022376 0.999942522646568 -0.161079496145248
0.997456183202419 -0.070668915988016 0.00933096481293663 -5.49547290802002 0.0707198694616232 0.997482409255366 -0.00524817010400077 -0.00266823428682983 -0.00893659077011463 0.00589470433425553 0.999942693261078 -0.170279622077942
0.99683504447778 -0.0779379785859526 0.0156705326941353 -5.64532375335693 0.0779383801893685 0.996958005880928 0.000586006297664877 -0.00451498012989759 -0.0156685351721157 0.000637184321088423 0.999877037941017 -0.173325225710869
0.996019803457768 -0.0878627422187856 0.0149896514216806 -5.80079221725464 0.0878504483272771 0.996132578747296 0.00147793334035882 -0.00908984709531069 -0.0150615354013023 -0.000155203277523628 0.999886556596946 -0.174059212207794
0.995597602819113 -0.0924218754533467 0.0156080171232887 -5.96872711181641 0.0923926910775911 0.995719299193301 0.00258221793081969 -0.0141620263457298 -0.0157798572957937 -0.00112878327747484 0.999874853145151 -0.188998714089394
0.993604133818333 -0.111552449168212 0.0175178863934208 -6.10672235488892 0.111604359346985 0.993750684265327 -0.00201109346964882 -0.0280090309679508 -0.0171840691882986 0.00395330327298911 0.999844527493832 -0.187652096152306
0.990440626760726 -0.137446498416265 0.0116543955196638 -6.24424409866333 0.137525929459822 0.990478075771664 -0.00630873536242063 -0.0423399470746517 -0.010676309663599 0.00785120938255759 0.99991218360574 -0.173507139086723
0.986586549457898 -0.163020450648953 0.00844470834142761 -6.40961933135986 0.162970456630674 0.98661078080996 0.00630852242214251 -0.0344033911824226 -0.00936005845863497 -0.00484766539412404 0.999944443179659 -0.174696132540703
0.981579190610446 -0.190769905816234 0.0104467983328743 -6.56412220001221 0.190705996989759 0.981623543568554 0.00681479449849496 -0.0615000911056995 -0.011554880903097 -0.00469699337658746 0.999922208464506 -0.187256962060928
0.977886547787639 -0.208582080044132 0.0152123482880672 -6.70491933822632 0.20851456937757 0.978001378421946 0.00591423385238249 -0.0833319798111916 -0.0161113007935618 -0.00261145347220716 0.999866794276869 -0.190193757414818
0.971975877148094 -0.234360155596348 0.0183905331909954 -6.86656713485718 0.234295171414901 0.972149132437252 0.00564242440442227 -0.10200596600771 -0.0192007003480457 -0.00117548728333446 0.999814958547726 -0.228404596447945
0.964489569502127 -0.263625171762231 0.0161752630561588 -7.01716947555542 0.263508606291523 0.964615094601208 0.00899631467892311 -0.123589023947716 -0.0179745579055743 -0.00441453064745303 0.999828698921601 -0.204292371869087
0.955271219874793 -0.295089584062043 0.0194687918735365 -7.16912412643433 0.294977462614896 0.955466716899828 0.00846459957366346 -0.147969350218773 -0.021099597820858 -0.00234313353345184 0.999774632953368 -0.226675733923912
0.941635938104264 -0.336360835995342 0.0135332213096905 -7.32277917861938 0.336357706487026 0.941730780345958 0.00257500209340051 -0.187567040324211 -0.0136107809213953 0.0021272887692692 0.999905106140179 -0.199718818068504
0.915565086576181 -0.402125583096386 -0.00596553955167027 -7.45967245101929 0.40216453769585 0.915528406710436 0.00845110206622388 -0.221278756856918 0.00206321657472143 -0.0101366624508302 0.999946494174425 -0.202528640627861
0.870126782716469 -0.492815717605633 -0.00347138017683207 -7.58423233032227 0.492826165381047 0.87008313521504 0.00881524419291285 -0.257244676351547 -0.00132390154501786 -0.00938116704956722 0.999955119487613 -0.230982899665833
0.818276406194363 -0.574820539942808 0.00225164950580795 -7.73463869094849 0.574806464891041 0.818275228496917 0.00481438965851072 -0.309002429246902 -0.00460987907686017 -0.00264523877517833 0.999985875763612 -0.234312787652016
0.757843263282912 -0.652429045291926 0.00315105635833693 -7.84292602539062 0.652366305390196 0.757823632916129 0.0110247442304451 -0.365010291337967 -0.0095808083298553 -0.0062993851498954 0.999934260768417 -0.230494752526283
0.692943157027223 -0.720992097657301 0.0004198152817005 -7.95662260055542 0.720898947160803 0.692862761189696 0.0156812671374073 -0.432267934083939 -0.0115969440625924 -0.0105635823618023 0.999876953237794 -0.219343528151512
0.623784625709504 -0.781593874259038 0.00193815613443052 -8.07138729095459 0.781427807625374 0.623699737615182 0.0192150661865672 -0.520114541053772 -0.0162272054974045 -0.0104715337702075 0.999813494999065 -0.230993822216988
0.549008227485704 -0.835816227158367 -0.00109570605498676 -8.17341804504395 0.835663654967409 0.548881960546556 0.0198708115858447 -0.608891606330872 -0.0160069334826116 -0.0118248807741271 0.999801955526774 -0.231733053922653
0.466672364095808 -0.884375717467084 -0.00982318399556263 -8.26422882080078 0.88435124451111 0.466453409032448 0.018549758318066 -0.713520050048828 -0.0118228981590974 -0.0173438045592352 0.999779681491143 -0.215880513191223
0.37948391231747 -0.925195503596818 -0.00228919559156014 -8.34370040893555 0.924857570886533 0.379275833394545 0.0280769616720858 -0.80959951877594 -0.0251084421278819 -0.0127719351354052 0.999603143155726 -0.221287578344345
0.242016589511459 -0.970205578847882 -0.0113624457617361 -8.4453125 0.970002577824688 0.241656759762313 0.0264009370030771 -0.983257353305817 -0.0228685245414407 -0.0174110664126689 0.999586857332404 -0.205655917525291
0.143651725276566 -0.989554645428755 -0.0120741681054001 -8.50859832763672 0.989336145601514 0.143302183752603 0.0260475553185942 -1.09840261936188 -0.0240452247110775 -0.0156871871954941 0.999587784702518 -0.213503330945969
0.0537311505150806 -0.998474717037446 -0.0126965704549938 -8.53334712982178 0.998167521753897 0.0533515545469277 0.0285518851060695 -1.23671972751617 -0.0278309536309799 -0.0142074299019584 0.999511674246765 -0.21770167350769
-0.0403830469670523 -0.999049633520099 -0.0164024169259745 -8.56903743743896 0.998692496958244 -0.0408727052918956 0.0307037209704272 -1.34329497814178 -0.0313449523362988 -0.0151410609099396 0.999393937462879 -0.20646533370018
-0.130872602286681 -0.991245622939575 -0.0174492685762602 -8.58916091918945 0.990499949486155 -0.13148312016205 0.04027454755023 -1.47314286231995 -0.0422162532519896 -0.0120126647995388 0.999036277542401 -0.228075668215752
-0.262533740723779 -0.964820482387585 -0.014052464088802 -8.59750843048096 0.964181916333429 -0.262874928849557 0.0353553955986532 -1.65447390079498 -0.0378056503340013 -0.00426714749306436 0.999276000039576 -0.221268147230148
-0.342419828446612 -0.939314055007841 -0.0209228858267653 -8.60041904449463 0.938331167932742 -0.343024459024296 0.0432300797716659 -1.76947605609894 -0.0477836831205892 -0.00482975939520492 0.998846030703239 -0.221127331256866
-0.381437585054394 -0.924031763309734 -0.0258972798296774 -8.56818008422852 0.922950605814431 -0.382257553085773 0.0451812166242936 -1.89154767990112 -0.051648310085095 -0.00666809594875661 0.998643073656335 -0.227486491203308
-0.395877315405222 -0.917738242101796 -0.0322128876610081 -8.52884387969971 0.917113211206847 -0.39690629412185 0.0369966419601206 -2.01128172874451 -0.0467387310206448 -0.0148967335468518 0.998796064445697 -0.220202445983887
-0.404529312813585 -0.913885521798822 -0.0341948551841419 -8.49199962615967 0.913100211992025 -0.405703000199456 0.0406580679481775 -2.12106037139893 -0.0510297749817444 -0.0147759492302723 0.998587819568042 -0.223808035254478
-0.406535380365783 -0.913242555125109 -0.0267772294946768 -8.44218063354492 0.912414659588165 -0.40733228803376 0.0397479067850834 -2.21726059913635 -0.0472067101105561 -0.00827300633048216 0.998850881706971 -0.222400724887848
-0.409399301446125 -0.9120175883505 -0.0248219764475493 -8.38546562194824 0.911096888617349 -0.410111738132652 0.0413620816400961 -2.35326743125916 -0.0479027298513491 -0.00568161818088229 0.998835846216802 -0.221545040607452
-0.408488990900928 -0.912569871264474 -0.0187876122241246 -8.44645118713379 0.912363676437816 -0.408832641304355 0.0211752997847918 -2.22229909896851 -0.0270049297279849 -0.0084912581191761 0.999599235847017 -0.223637744784355
-0.405984273219961 -0.913533097638392 -0.0251803379100553 -8.49649620056152 0.913467722004183 -0.406474629622977 0.0188439998236033 -2.11246943473816 -0.0274497860565248 -0.0153510583370512 0.999505304765004 -0.221630483865738
-0.401370498622423 -0.91569227296184 -0.0202332417957969 -8.55478954315186 0.915587107376141 -0.401720311263951 0.017917598181262 -1.96265590190887 -0.0245351103967031 -0.0113337000125263 0.999634721086581 -0.235841780900955
-0.404250959972956 -0.9145369855555 -0.0142570478010617 -8.61929607391357 0.914134826979666 -0.404497149146713 0.0271951178530053 -1.80761969089508 -0.0306378762938919 -0.00203921142620929 0.999528469906165 -0.24450309574604
-0.398218998806383 -0.917192120211152 -0.0134254836863776 -8.66904926300049 0.916735059896697 -0.398444494407025 0.0289623002009424 -1.64831125736237 -0.0319133035870827 -0.000774273402224326 0.99949034090123 -0.23116560280323
-0.398604929550646 -0.916953319796014 -0.0176272361132828 -8.73585605621338 0.91648898754726 -0.398970305049964 0.0295064635789574 -1.51712083816528 -0.0340887935034693 -0.00439374594254005 0.999409150025189 -0.271622449159622
-0.413777498936551 -0.910207414014041 -0.017625119792055 -8.80140686035156 0.909705157056208 -0.414138394855705 0.0304288864679517 -1.36720740795135 -0.0349958368831424 -0.00344287383043258 0.99938152775636 -0.265006601810455
-0.437443051941997 -0.899064832278845 -0.0180555716354731 -8.85911273956299 0.898760243590236 -0.437778507775705 0.0240832446172755 -1.22962689399719 -0.029556739490176 -0.00569258193521207 0.999546894178368 -0.235120192170143
-0.471531933995755 -0.881773364564567 -0.011548539591934 -8.93492126464844 0.881402434710071 -0.471669451625053 0.0256452040522358 -1.09782385826111 -0.0280603511984825 0.00191362175079024 0.999604399121179 -0.249328449368477
-0.510905488701738 -0.859550614110408 -0.0121788093366498 -8.99851036071777 0.85911710708072 -0.511037920925803 0.0275325207179856 -0.973690867424011 -0.0298894284939054 0.00360349250762287 0.999546715719708 -0.225478276610374
-0.55346406535015 -0.832686323998146 -0.017635594476525 -9.10297203063965 0.832188439164224 -0.553743498626554 0.0288190813565829 -0.862321674823761 -0.0337628507016066 0.00127418808611855 0.999429060192479 -0.267612159252167
-0.602593856566657 -0.79758907216782 -0.0270613374872522 -9.2096118927002 0.797255027265452 -0.60316016772092 0.0241295166722239 -0.741015374660492 -0.0355677596720205 -0.00703448884763402 0.999342509072123 -0.223215162754059
-0.62882115591503 -0.776929230087751 -0.0310632469155939 -9.31689834594727 0.776859065113387 -0.629444614612329 0.0170138204613631 -0.611506819725037 -0.0327711279152917 -0.0134331147091894 0.999372605490249 -0.230985790491104
-0.642197390844706 -0.766201131443464 -0.0227670236747793 -9.4425048828125 0.765822934070112 -0.642597938009527 0.0241479547404767 -0.44286584854126 -0.0331322327122261 -0.00192775534209298 0.99944911772178 -0.223368316888809
-0.646655407556691 -0.762575242244411 -0.0177703065130645 -9.5342378616333 0.762252406987255 -0.646899019395755 0.0222019536740929 -0.31315216422081 -0.028426254058984 0.000811554489190645 0.999595562945077 -0.243436634540558
-0.647403700250748 -0.761752292555611 -0.0245335217184705 -9.63655948638916 0.761169370113082 -0.647868089268036 0.0298014917384723 -0.183909341692924 -0.0385958404921197 0.000619430751375252 0.999254710973259 -0.249583765864372
-0.647266336904164 -0.761968933246864 -0.0212045720848266 -9.74621868133545 0.761537119062436 -0.647613415982204 0.0256530647281239 -0.0622389502823353 -0.0332792037276968 0.000456296500507599 0.999445989732689 -0.286695271730423
-0.648040907777275 -0.761242730374734 -0.02350504836892 -9.85111618041992 0.760829931542033 -0.648465053553423 0.0251175155957188 0.0738415867090225 -0.0343627286016425 -0.00160616673365803 0.999408136404479 -0.274796396493912
-0.649959659480475 -0.759429097771121 -0.0286336603766802 -9.98009204864502 0.7587102178616 -0.650590025968112 0.033036698128218 0.222986981272697 -0.0437178037008759 -0.000252129636790291 0.999043887959992 -0.29441049695015
-0.650432806997052 -0.758903165321378 -0.0316725314291357 -10.1366586685181 0.758384890022161 -0.651180765549483 0.0285651739792463 0.396659106016159 -0.0423027442137205 -0.00544024297092822 0.999090026768562 -0.303529649972916
-0.652125367471783 -0.757365707102669 -0.0336108733100806 -10.2931070327759 0.756948882457356 -0.652939389418457 0.0264299658042467 0.596264123916626 -0.0419630128369378 -0.00820606182812029 0.999085464864203 -0.289994060993195
-0.650982152737334 -0.758584211749535 -0.0277890356400351 -10.4714202880859 0.758232683746584 -0.651550923474918 0.0237611324947759 0.789988160133362 -0.0361307917975682 -0.00560248188914701 0.999331365504337 -0.342850178480148
-0.642989517397796 -0.764907509737643 -0.038483529769344 -10.6531019210815 0.764938098533363 -0.643876350252329 0.0171158113422539 1.02857863903046 -0.0378706473236548 -0.0184322308117865 0.999112639765201 -0.339162141084671
-0.643992026445893 -0.763970117544389 -0.0402980070639362 -10.844295501709 0.763416257136812 -0.645161456677312 0.0310211727249322 1.27340865135193 -0.0496979699115929 -0.0107867658369658 0.998706041570514 -0.332720339298248
-0.647341055652177 -0.760555370070964 -0.0500508413849677 -11.0368537902832 0.759585538288386 -0.649162534702885 0.0402220531707364 1.5156182050705 -0.0630822295917611 -0.0119805089351448 0.997936420677884 -0.323913544416428
-0.642944248134353 -0.763904699009826 -0.0554283737959042 -11.1994724273682 0.763459269068288 -0.644992211778084 0.0333914842337148 1.72333133220673 -0.0612587811229299 -0.020848443019129 0.997904155798046 -0.325640141963959
-0.642615188393726 -0.764319168423399 -0.0534969945535275 -11.3656549453735 0.764465761697725 -0.644285368618912 0.0221011985084453 1.9392409324646 -0.0513597005210587 -0.0266940548466697 0.998323398803329 -0.28841832280159
-0.638479869388795 -0.768133066272199 -0.0481149548948896 -11.4956092834473 0.76779947919572 -0.640027489395978 0.0291337015201096 2.10921692848206 -0.0531734532642777 -0.0183413553684501 0.998416836071588 -0.331953972578049
-0.639109229412385 -0.767525066514686 -0.0494435552072686 -11.6216220855713 0.76721252929632 -0.640728807311148 0.0291809933411574 2.24531984329224 -0.0540770540123126 -0.0192838728802158 0.998350541882003 -0.377406030893326
-0.635117240234959 -0.771181306842365 -0.0436518399753256 -11.7198352813721 0.771227518435084 -0.636260223605947 0.0195203141719757 2.38149833679199 -0.0428276308566295 -0.0212678121538712 0.998856082827449 -0.363156646490097
-0.6367110189265 -0.76966903167135 -0.0469963835168753 -11.8277273178101 0.769450485558942 -0.638153181227439 0.0265794575265876 2.51729464530945 -0.0504482769843171 -0.0192379566323068 0.998541372389711 -0.384855091571808
-0.633573568068059 -0.772150326610905 -0.0486662815528526 -11.9285974502563 0.771522802423784 -0.635250494293368 0.034776067060305 2.65128231048584 -0.057767630950727 -0.0155139490364302 0.998209506165732 -0.37146207690239
-0.613665843497094 -0.788291183165985 -0.0448468847053169 -12.0150852203369 0.787753886249265 -0.615114958680815 0.032823807004647 2.77281618118286 -0.0534607072921794 -0.0151854585004937 0.998454483001579 -0.408578604459763
-0.587297220751751 -0.808130235382679 -0.0448051019148944 -12.0915479660034 0.807653535818123 -0.588756847635651 0.0325751506921293 2.90948271751404 -0.052704274757864 -0.0170557035171988 0.998464502323333 -0.398804843425751
-0.560937709831172 -0.82685699497521 -0.0406988396631269 -12.1990003585815 0.826768818234177 -0.562043323757679 0.0236774875162641 3.0727014541626 -0.0424524072936059 -0.0203669359498563 0.99889087543885 -0.429636418819427
-0.541459007933512 -0.839612080354445 -0.0432862247203227 -12.2996397018433 0.839586810719585 -0.542688138387394 0.0241572291320913 3.24798178672791 -0.0437736221184845 -0.0232623940407423 0.998770609814947 -0.425146162509918
-0.528030685636665 -0.848273714478699 -0.0401907993275007 -12.419958114624 0.848018013671892 -0.529211842566853 0.0282891176068562 3.4784688949585 -0.045266361838034 -0.0191449996475883 0.998791482479923 -0.407089173793793
-0.509043560277833 -0.859319613884414 -0.049441429320047 -12.5186147689819 0.85812514773634 -0.511133366225608 0.0486200859045242 3.67730903625488 -0.0670513576458639 -0.017677192209708 0.997592919137575 -0.474383234977722
-0.499734390552446 -0.86577801047449 -0.0263434143194865 -12.6270513534546 0.865196956536334 -0.500384680532337 0.0323944113824654 3.91512370109558 -0.0412282099955903 -0.00660364046447385 0.999127933066219 -0.442251950502396
-0.495449276030204 -0.868621211013994 0.00521600016579923 -12.7410717010498 0.868443011860746 -0.495202915490864 0.0240999510286907 4.1548318862915 -0.0183507501586147 0.016470102183381 0.999695946627116 -0.446169227361679
-0.495137035202339 -0.868811229091132 0.00252281116901572 -12.8598203659058 0.868526796125538 -0.494895990485732 0.0271875525388735 4.40433979034424 -0.0223723218049799 0.0156526932603606 0.999627166703042 -0.443421989679337
-0.495102269949024 -0.868833865351123 -0.00120694256326879 -13.0228757858276 0.868231976079556 -0.494810065062897 0.0365545513642341 4.66127872467041 -0.0323570394862219 0.0170503352306791 0.999330930204909 -0.509468019008636
-0.487325642134509 -0.873218444964756 0.00180717777818484 -13.1674509048462 0.873121381581739 -0.48723823375802 0.0160610270269496 4.97883987426758 -0.0131442589362804 0.00940483586770051 0.999869380228896 -0.419051349163055
-0.480247215921492 -0.877129818233172 -0.00242766676020502 -13.3135118484497 0.876396145522018 -0.479955276541106 0.0396576428258195 5.27043676376343 -0.035950072514611 0.0169178747658531 0.999210377147676 -0.505890250205994
-0.479185968291509 -0.877705644400497 0.00368911643038433 -13.4701519012451 0.877481289895222 -0.478958363197677 0.0250094423532292 5.59385108947754 -0.0201839955495956 0.0152213044943701 0.99968040803706 -0.423088043928146
-0.45280274000613 -0.891171599232388 0.0279796240955445 -13.682315826416 0.891584486833604 -0.452807144932947 0.00654158507791211 6.05310392379761 0.00683969886760296 0.027908246438285 0.999587088902283 -0.463327586650848
-0.421025325441492 -0.906989377534959 0.0103896282721282 -13.8328437805176 0.90656591132441 -0.420399796794027 0.0374467525972911 6.40992879867554 -0.0295960092145545 0.0251849140218452 0.999244612867282 -0.491775214672089
-0.387227237210744 -0.921793072216209 0.0187776137018883 -13.9459199905396 0.921846483376447 -0.386736901548852 0.0251720095914385 6.76581859588623 -0.0159413879135984 0.0270573648864222 0.999506763937489 -0.414805293083191
-0.327307341013688 -0.944783154570163 0.0159591778924118 -14.0960969924927 0.944745432620393 -0.326878200444619 0.0246314761432181 7.23874425888062 -0.0180546963822622 0.0231394233839112 0.999569204719715 -0.440012753009796
-0.270776665607491 -0.962554751099364 0.0129749180548698 -14.1490516662598 0.962464725298407 -0.270443352713366 0.0228483156800522 7.51813697814941 -0.0184837744725121 0.0186746916760415 0.999654743384962 -0.460171073675156
-0.194343670777856 -0.980789967426169 0.0167802689121046 -14.1746168136597 0.98062957978151 -0.19382923110239 0.0282109274536543 7.79440879821777 -0.0244164879974071 0.0219378432492889 0.999461137887533 -0.464566290378571
-0.140817346409584 -0.989833244291594 0.0200155800650617 -14.201265335083 0.989795551321308 -0.140309262403918 0.0248611638548277 8.04653453826904 -0.0218000351997736 0.0233122152282042 0.999490519758163 -0.440902888774872
-0.0947103287830704 -0.995164827215691 0.026017691953116 -14.2195596694946 0.99536271504006 -0.0942227955260881 0.0193682810628568 8.35247135162354 -0.0168231724084236 0.0277314167689556 0.999473836272918 -0.459948420524597
-0.0925675816432498 -0.99548766540759 0.0208698550561816 -14.2276859283447 0.995616324717686 -0.0922569445749191 0.0153879866567543 8.50082969665527 -0.0133931618510508 0.0222027970996007 0.99966377298399 -0.487204253673553
-0.093599839510991 -0.995438629196431 0.0184663355067392 -14.2270851135254 0.995546238549972 -0.0933680108817923 0.013042294774265 8.66152858734131 -0.01125863901713 0.0196048475512623 0.999744413837844 -0.436166435480118
-0.0918938642295863 -0.995538574944953 0.0214117611028606 -14.2317142486572 0.995670618669319 -0.0915615980414166 0.0160153951795364 8.79659366607666 -0.013983448630757 0.0227907779742964 0.999642457883676 -0.445260137319565
-0.0953780684398819 -0.995270332668512 0.0184387898352089 -14.2493600845337 0.995383529539024 -0.0951569391720284 0.0125214236349358 8.95293521881104 -0.0107076226638711 0.0195479369070162 0.999751581633941 -0.40874308347702
-0.101587610583743 -0.99467007751122 0.017646367323317 -14.2633466720581 0.994487437859143 -0.101073857889774 0.0279071888880633 9.10404014587402 -0.0259748593113024 0.0203841152641344 0.999454748614792 -0.478971898555756
-0.105699294630088 -0.994091698613227 0.0246850939429287 -14.2766017913818 0.99426165583684 -0.105240941857952 0.0191860337078088 9.40152454376221 -0.0164747943018404 0.0265713926078487 0.999511151637435 -0.470093011856079
-0.107633495406252 -0.993980416503565 0.0204441256607599 -14.3054342269897 0.994038178074408 -0.107234115731309 0.0197216873982726 9.64793872833252 -0.0174106633171568 0.0224449555741315 0.999596464965804 -0.483313083648682
-0.109328043307009 -0.993788800757049 0.020765318117649 -14.3191118240356 0.993629255090907 -0.108687885086477 0.029796762624777 9.92335414886475 -0.0273547504859644 0.0238906493276156 0.999340259621594 -0.465583145618439
-0.115160445427246 -0.993042053562852 0.0246079593764307 -14.3383560180664 0.992953243637104 -0.114382119840936 0.0309933317222907 10.1943101882935 -0.0279629712218224 0.0280037589685304 0.999216624023079 -0.488498568534851
-0.120455728136059 -0.992289026811686 0.0292045343795988 -14.3704519271851 0.992594178357067 -0.119922543719161 0.0193747412779079 10.4862356185913 -0.0157230611164483 0.0313220493748968 0.999385668584499 -0.497819781303406
-0.120982985816871 -0.992355894701309 0.0243494434104713 -14.4022932052612 0.992407029593711 -0.12036863254062 0.0252918942210402 10.7788372039795 -0.0221676511119675 0.0272244476870719 0.999383522323793 -0.49952632188797
-0.122908484090822 -0.991933078646068 0.0310205097674143 -14.423285484314 0.992372824093463 -0.122544560615915 0.0133794119533549 11.0741672515869 -0.00947008654983579 0.0324283541239212 0.999429196746599 -0.4261873960495
-0.11920355093722 -0.992609594867405 0.0227311596959654 -14.4492530822754 0.992624784856294 -0.118634264724235 0.0249388797329952 11.3388938903809 -0.0220578768913553 0.025536315523311 0.999430511169506 -0.523670971393585
-0.11252361741277 -0.993499842102159 0.0172191540828659 -14.4640560150146 0.993366791253981 -0.11206174215117 0.0257795263690981 11.6244850158691 -0.023682346972272 0.0200057414016431 0.999519342860785 -0.509312868118286
-0.0925397763000227 -0.995417508391591 0.0240909482963892 -14.471851348877 0.995568327540717 -0.0920929479396696 0.0190419047776546 11.9083003997803 -0.0167360389615263 0.0257463187127565 0.99952840483531 -0.476972460746765
-0.0426960247642636 -0.998905803729742 0.0190851969957868 -14.4788837432861 0.999009255635267 -0.0424448668921957 0.0133768617236519 12.1707515716553 -0.0125521561653486 0.0196374272638345 0.999728370521742 -0.498094171285629
0.0163679619475944 -0.999635775942511 0.0214570565897349 -14.4471845626831 0.99985813260813 0.0164493882677474 0.00362384919671835 12.4365720748901 -0.00397548475858777 0.0213946975073236 0.999763203183386 -0.478443562984467
0.068502076608952 -0.997394920730582 0.0226017167732389 -14.419792175293 0.997581027701608 0.0687479577545846 0.0102864704528057 12.6963367462158 -0.0118134952517813 0.0218423992594745 0.999691627915592 -0.522608935832977
0.115965258129819 -0.993074138797479 0.0188630262293694 -14.3700065612793 0.993162909541685 0.116189958990481 0.0112839948815136 12.957573890686 -0.0133975377431811 0.0174255066335513 0.999758399665131 -0.485842287540436
0.131174150576401 -0.99121260654959 0.0170561085165105 -14.3209447860718 0.991134187677912 0.131491606919125 0.0190520163203829 13.204927444458 -0.021127333873575 0.014405760201864 0.999673001454176 -0.473214596509933
0.131035099706707 -0.991061407556572 0.0250417470804034 -14.2838544845581 0.991295489753394 0.131307774927823 0.00956662103788142 13.440357208252 -0.0127692850007961 0.0235702077947941 0.999640630759414 -0.528951704502106
0.123946338341821 -0.991614455717545 0.0365797269488324 -14.2343883514404 0.992125812031846 0.124510107071732 0.0135501415909713 13.7970447540283 -0.0179910619976805 0.0346122008687994 0.999238868959376 -0.548818290233612
0.119281043219025 -0.99253217726943 0.0255325246183225 -14.1973524093628 0.992798928172106 0.119520659361532 0.00806846987364156 14.0338468551636 -0.0110598801484647 0.0243862475708893 0.999641430704286 -0.49281844496727
0.101745122665199 -0.994513530063114 0.0243057305022417 -14.1670341491699 0.994729429328357 0.102018374865712 0.0102768486337385 14.2731246948242 -0.0127000961384262 0.0231320062070523 0.999651748283827 -0.50286591053009
0.0675464817646775 -0.997404260839896 0.0249442029264441 -14.1504545211792 0.997232937039179 0.068270668351005 0.0294208281175037 14.5059881210327 -0.0310474167271078 0.0228879073164984 0.999255823907594 -0.543726563453674
0.0156527201132324 -0.999551355681664 0.0255358514250755 -14.150221824646 0.99955210848181 0.0162940090014992 0.0251015477655555 14.7509298324585 -0.0255063674917502 0.0251315066322292 0.999358710669883 -0.546592116355896
-0.0379487339138914 -0.999150002724943 0.0160986225832616 -14.1694946289062 0.998931568555287 -0.0375053848502885 0.0270012490619479 15.0037832260132 -0.0263745130382774 0.0171060855246716 0.999505761314069 -0.513562858104706
-0.0470297332480413 -0.998807332735459 0.0131193088421498 -14.1674346923828 0.998562066585042 -0.0466717736004491 0.0263731819543754 15.2155895233154 -0.0257294261115215 0.0143407678618009 0.999566075359256 -0.545945346355438
-0.0454515789098465 -0.998590531897403 0.027406268981078 -14.1538200378418 0.998849869388053 -0.0450098767827141 0.0165242069544972 15.4673709869385 -0.0152673638219619 0.0281257994884786 0.999487792324179 -0.491198152303696
-0.0434160898709027 -0.998681757756214 0.0273822910889538 -14.1636571884155 0.998869595570077 -0.0428606797880393 0.020554638741112 15.7102289199829 -0.0193539191377912 0.0282437400686535 0.999413686598769 -0.505070626735687
-0.0353321556661518 -0.999273711672207 0.0142719282801146 -14.1614456176758 0.998936993256813 -0.034889982186965 0.0301259463923078 15.9389419555664 -0.0296061189456125 0.0153211717516377 0.999444215260229 -0.558066248893738
-0.0371838133420887 -0.999129713935555 0.0188991734315634 -14.1696815490723 0.999019961743774 -0.0367120331808325 0.0247253444302991 16.200855255127 -0.024009999225493 0.0198000341107045 0.999515621982171 -0.591405630111694
-0.032401435547756 -0.999371440891422 0.0143829796999062 -14.1576280593872 0.999361469638458 -0.0321775688084001 0.0155324520807715 16.4588470458984 -0.015059879697574 0.0148770694756721 0.999775911305784 -0.523612201213837
-0.0284332945514127 -0.999487347176435 0.0147170171966013 -14.1654977798462 0.999455449636238 -0.0281796070611839 0.0171672344395399 16.7273368835449 -0.0167437138466187 0.015197124072986 0.999744315045868 -0.582341969013214
-0.020142940297834 -0.999408798629213 0.0278624331075374 -14.1620178222656 0.999384736157763 -0.0193264855812751 0.0292683462114731 17.0050201416016 -0.0287125598133602 0.0284348409102437 0.999183190777033 -0.642974972724915
-0.0109093577394666 -0.999643127436603 0.0243844967649506 -14.1292943954468 0.999752296806148 -0.0104309636257155 0.0196606212687141 17.4109439849854 -0.0193992511336174 0.024592941398022 0.999509307754985 -0.483412444591522
-0.0112270561885143 -0.999297802943961 0.0357470871640138 -14.1241159439087 0.999512277465841 -0.0101733001706373 0.029524755014839 17.6591472625732 -0.0291403569708419 0.0360611285875771 0.998924639099768 -0.576424777507782
-0.00500341488104892 -0.999560025026542 0.029235632513549 -14.1179609298706 0.999689621769126 -0.00428625978512652 0.0245415587148996 17.8886890411377 -0.0244054495273199 0.0293493500097292 0.999271229290314 -0.561547338962555
-0.00792001598110974 -0.999540578975489 0.0292558426336142 -14.1142950057983 0.999866857252283 -0.00749840692406329 0.0144928141519619 18.0996875762939 -0.014266783635463 0.029366730750034 0.999466884899022 -0.584551453590393
-0.00716129617002513 -0.999360888061562 0.0350218681679109 -14.1018085479736 0.999865388358213 -0.00663909841746058 0.015004250580508 18.3119850158691 -0.0147621475553046 0.0351246036989547 0.999273907001752 -0.552738010883331
-0.00924548040826463 -0.999628895690321 0.0256240510647748 -14.1036100387573 0.999615036221219 -0.00856892091419065 0.0263885004276103 18.6053848266602 -0.0261591370743004 0.0258581610969562 0.999323298563689 -0.608922839164734
-0.00310917280051185 -0.999650545982786 0.0262510754220432 -14.1033601760864 0.999968603383094 -0.00291668042529733 0.00736785066094262 18.8272666931152 -0.00728870993810444 0.0262731591479581 0.999628228801 -0.553967356681824
-0.000362266666001131 -0.999639718020067 0.0268384597103534 -14.0970602035522 0.999850706350148 0.000101558651686319 0.0172787353979059 19.0409564971924 -0.0172752358586875 0.0268407124086122 0.999490441366712 -0.641239583492279
0.00891280452046831 -0.999707535762772 0.0224812111485684 -14.067234992981 0.999631093188047 0.00948444618255381 0.025450399059342 19.4025020599365 -0.0256561775650512 0.0222460832448509 0.999423269857678 -0.587229549884796
0.0160337387401194 -0.999489272245205 0.0276426100208378 -14.0585613250732 0.999721878539291 0.0165033886999129 0.0168464753373225 19.6613063812256 -0.0172940681126512 0.0273648100335105 0.999475903851586 -0.645255923271179
0.0235198819034501 -0.999075517588562 0.035985070659867 -14.0326147079468 0.999721499961891 0.0235742049729229 0.00108598979803404 19.9541931152344 -0.00193330525126758 0.0359495064645188 0.99935173753577 -0.498009145259857
0.0214298667091362 -0.999334723682538 0.0295105210928943 -14.0076236724854 0.999636199057388 0.021901192416235 0.0157418964818189 20.2434940338135 -0.0163777393716564 0.0291624383941494 0.999440504402329 -0.526370286941528
0.0160606691170606 -0.999456931056292 0.0287732144719697 -13.9969081878662 0.999847392626657 0.0162514649489551 0.00640947304301941 20.5694236755371 -0.0068735991437242 0.0286658830415278 0.999565415960487 -0.505691766738892
0.0229672112674439 -0.999660444679884 0.0123086371712695 -13.9836759567261 0.999695947647309 0.0230750523380467 0.00869219288466986 20.8977565765381 -0.00897326385126947 0.0121052592708196 0.999886465171842 -0.556048512458801
0.027053263548639 -0.999333777415398 0.024497392678413 -13.9555759429932 0.999467812895001 0.0274874759293824 0.0175650122093767 21.2541675567627 -0.0182266814931245 0.0240091645773881 0.999545570796071 -0.55903035402298
0.0263491811037958 -0.999487175661319 0.0181963277536921 -13.9379472732544 0.99926342833686 0.0268425553923262 0.0274240407029146 21.5742015838623 -0.0278984129230425 0.0174603238392166 0.999458261083376 -0.603940963745117
0.0345461239060283 -0.99901430904591 0.0278742828534187 -13.9172735214233 0.999071705267453 0.0352394368984094 0.0247772036571057 22.0443420410156 -0.0257350550232947 0.0269924509558891 0.999304315278555 -0.587934195995331
0.0338672155454623 -0.998786213546331 0.0357646660962976 -13.8934497833252 0.99912196117709 0.0347183325815648 0.0234508864736932 22.3354873657227 -0.0246641116775648 0.0349390471040399 0.999085053727969 -0.624982833862305
0.0342044851258329 -0.999194313757565 0.0209946791313032 -13.8722686767578 0.999276728798057 0.0345414551205166 0.015903055077913 22.7526531219482 -0.0166154289722076 0.0204355384736257 0.999653097973173 -0.628191769123077
0.0371568497797567 -0.998974479390359 0.0258719547233109 -13.8483572006226 0.999211221615577 0.037503732367682 0.0130539134361954 23.0316963195801 -0.014010821244702 0.0253665051840757 0.999580030464192 -0.64172238111496
0.0434225295449951 -0.998855340366873 0.0200622269076209 -13.8238925933838 0.998852340761014 0.0438111329464243 0.0193542239884081 23.3211002349854 -0.0202110188797291 0.0191987929445987 0.999611385021856 -0.57023686170578
0.0517247858048558 -0.998424389215057 0.0217551270734619 -13.79576587677 0.998426427044109 0.0521728557829539 0.0205587669714215 23.6078910827637 -0.0216614014637997 0.0206574959758384 0.999551925387887 -0.572218477725983
0.0546412218941379 -0.998145988511658 0.0268127299617204 -13.7633399963379 0.998424358607386 0.0549605406099162 0.0113198549149903 23.8942947387695 -0.0127725099078554 0.0261519520103243 0.999576379471176 -0.572266757488251
0.0532122280190779 -0.998208669280614 0.0273479681561792 -13.7314414978027 0.998374505594886 0.0537410670991976 0.0189801023497125 24.3411083221436 -0.0204158117010243 0.0262935406528918 0.999445768590034 -0.631332516670227
0.0603853864700384 -0.997878382831586 0.0243379986499124 -13.7034883499146 0.998044970493437 0.0607533167949403 0.0146721290605006 24.6324062347412 -0.0161196145617216 0.0234044349607645 0.999596113663188 -0.619257986545563
0.0634717043971759 -0.997762480882639 0.0210089143898091 -13.6635646820068 0.9977203277612 0.0639244434277438 0.0216289875985024 24.9161586761475 -0.0229235754846513 0.019588192243645 0.999545302831055 -0.650311350822449
0.064629336332058 -0.997656129847651 0.0224787780514157 -13.6365556716919 0.997659780498711 0.0651005230720339 0.0209017767429351 25.208402633667 -0.0223161659014636 0.0210753048175979 0.999528799118016 -0.622388899326324
0.0697000598471857 -0.997316783921086 0.0223860261458116 -13.6081447601318 0.997481279304144 0.0699723294852903 0.0116176823924036 25.4965438842773 -0.0131529120375497 0.021519888840424 0.999681897049871 -0.618859052658081
0.0678478897088643 -0.997529034926739 0.0182342628088594 -13.5666589736938 0.997594287497952 0.068090213730989 0.013013852063125 25.9461288452148 -0.0142232701410907 0.0173074340153881 0.999749044167733 -0.611944079399109
0.0691709717565327 -0.997247950954501 0.0266814726599895 -13.5413656234741 0.997524247586079 0.0694805584790491 0.0108548363077163 26.245397567749 -0.0126788068872762 0.0258645763639817 0.99958504968083 -0.618975639343262
0.0838301949543505 -0.996299857677497 0.0189497231039288 -13.4737195968628 0.996477596019366 0.0838570686789334 0.000626629110213046 26.7121772766113 -0.00221337872509476 0.0188304440833624 0.999820241508564 -0.642852067947388
0.0893342819375015 -0.995708715619925 0.0241565665861394 -13.4407253265381 0.995786906219793 0.0897924150090155 0.0185946123396729 27.0646419525146 -0.0206838940222817 0.0223936563644333 0.999535242341513 -0.689599275588989
0.0985306011564275 -0.994560275856636 0.0337872509051229 -13.3976850509644 0.995052003536822 0.0989015811584254 0.0094861742404028 27.4043941497803 -0.0127761846068722 0.0326853932565624 0.999384027376141 -0.645073473453522
0.167834159916485 -0.985576224125448 0.021707169409058 -13.2666921615601 0.98563289583827 0.168185931733339 0.0155334158656116 27.9316062927246 -0.0189602058689557 0.0187882624426634 0.999643692416349 -0.643335521221161
0.21465415210924 -0.976566406894197 0.015545028402038 -13.1698331832886 0.976675486559457 0.214710877950553 0.00205738755463312 28.2979469299316 -0.00534686226778478 0.0147408213970412 0.999877052066118 -0.607658088207245
0.265657467228287 -0.963739302498928 0.0251528711031342 -13.0692911148071 0.963997123585757 0.265862857191354 0.00514654101673698 28.6479187011719 -0.0116471380277973 0.0228800783418518 0.999670368767041 -0.723125755786896
0.293668446113126 -0.955670493813141 0.0212779466220184 -12.8606672286987 0.955856483836273 0.293809672646397 0.00377605184990626 29.1686706542969 -0.00986032786766668 0.0192297559621738 0.999766467941377 -0.61121267080307
0.283866782352014 -0.958390743813102 0.0301136522275905 -12.7727842330933 0.958780721344959 0.284115425563359 0.00423713749971904 29.4879932403564 -0.012616586477903 0.0276696066166721 0.999537500354701 -0.612889528274536
0.288580961728397 -0.957145906408591 0.0243463010166121 -12.6662063598633 0.957279753517396 0.2889218774794 0.0118161846402508 29.8040027618408 -0.0183439917571823 0.0198962951087989 0.999633750634379 -0.660120725631714
0.308446406582055 -0.951057018448078 0.018744650630778 -12.5663356781006 0.951235548453357 0.308455509570179 -0.00247587851944071 30.0693264007568 -0.00342718911929269 0.0185942538557899 0.99982123807123 -0.533987820148468
0.344505275326078 -0.938714180431586 0.0114805369716564 -12.4490032196045 0.938783815709312 0.344492734278274 -0.00311502676444431 30.3532848358154 -0.00103084177614092 0.0118508854577764 0.999929244436375 -0.635522902011871
0.384997440188411 -0.922759961307901 0.0170594506187177 -12.3287477493286 0.92290853779414 0.385009962734872 -0.00267571702079718 30.619499206543 -0.00409901391240818 0.0167744568297675 0.999850896725613 -0.575456440448761
0.429934737691569 -0.902713531386542 0.0162604298135138 -12.1665277481079 0.902801094391323 0.430042644323004 0.00367532712943287 30.8827285766602 -0.0103104457668432 0.0130997830255901 0.999861035540825 -0.593730688095093
0.477741054959363 -0.878383949061736 0.014322096111448 -12.0107088088989 0.878375753643347 0.477884576289783 0.00907563528444658 31.1192779541016 -0.0148162011931971 0.00824437839042766 0.99985624487081 -0.686692357063293
0.511399404108607 -0.859199498298653 0.0157121481887533 -11.8532390594482 0.859342140144539 0.51128528471745 -0.0108831890179189 31.3541564941406 0.00131744038387585 0.0190677674293564 0.999817325613082 -0.665467500686646
0.526403218329278 -0.849815798427206 0.0266975743487791 -11.6122531890869 0.850107163843912 0.526609110914135 0.000808877916940917 31.7426013946533 -0.0147465831241899 0.0222700032724394 0.999643228977422 -0.632799923419952
0.544281461766286 -0.838481220077119 0.0265882296428441 -11.4386644363403 0.838683291522831 0.544590541976535 0.00561053563704869 31.9643402099609 -0.0191840271576318 0.0192453934148007 0.99963072578544 -0.626874804496765
0.570852543749763 -0.820255685717831 0.0361660523418824 -11.1759366989136 0.820912482725812 0.571014892790981 -0.00668490208215198 32.2950019836426 -0.0151680255593209 0.0335052571766809 0.999323435501318 -0.691844642162323
0.608914461099198 -0.79303328014039 0.0179275110946302 -10.9921531677246 0.79315742716139 0.609016588573939 0.000300965921505267 32.5095748901367 -0.0111568276404149 0.0140360760733216 0.999839243961481 -0.671570539474487
0.64725559561341 -0.76189933867405 0.0238661198181589 -10.8047857284546 0.762199844893964 0.647310038009103 -0.00641179664928997 32.6974563598633 -0.0105636352998157 0.0223408240828097 0.999694601960295 -0.684151232242584
0.68000795556655 -0.733199706078343 0.00271502722494821 -10.6045331954956 0.732740682186979 0.679441190190609 -0.0380888663592034 32.8628349304199 0.0260820442903065 0.0278901430437342 0.999270667480357 -0.629664897918701
0.682030554981633 -0.731153173778513 0.0157910906859849 -10.4145498275757 0.731314817735266 0.681756993574982 -0.019647877046593 33.0708847045898 0.00359992114927946 0.0249487110931608 0.999682250708949 -0.708753108978271
0.672934290512274 -0.739510466608758 0.0168437059116858 -10.2359867095947 0.739699822391104 0.672699066140092 -0.0178924332838565 33.2492065429688 0.0019008964493814 0.0244997181686922 0.999698029608113 -0.626058220863342
0.667672675402451 -0.744031284586028 0.0251126676838205 -10.0518970489502 0.744437129505069 0.667510219365288 -0.015603437350734 33.4390525817871 -0.00515351677845034 0.0291127910061972 0.999562847781291 -0.644765257835388
0.670766862659372 -0.741370751940519 0.0210053356376729 -9.88034248352051 0.74166046225905 0.670620652853542 -0.0144117552012812 33.6272315979004 -0.00340215810838742 0.0252457547607213 0.999675485938695 -0.66018283367157
0.663855606017167 -0.747643996400957 0.0180052493786273 -9.72109508514404 0.747833414916431 0.663432975595135 -0.0245330476585117 33.8115730285645 0.00639670962370963 0.0297513283500301 0.999536863035775 -0.67372065782547
0.643714744772199 -0.764911442368593 0.0232768704181071 -9.51316165924072 0.765256145567822 0.643559625960652 -0.0146300889972221 34.047046661377 -0.00378933154296551 0.0272303721418837 0.999622002458665 -0.697027444839478
0.628607905719613 -0.777466410690482 0.0199519701999834 -9.29147911071777 0.777722362524555 0.628406488990172 -0.0159126183976354 34.2811393737793 -0.000166421231511188 0.0255198911264036 0.999674300690415 -0.627961099147797
0.659184485998467 -0.751933023973908 0.00851709318910749 -9.07972812652588 0.751927319404751 0.658959267094843 -0.019441981447707 34.4968528747559 0.0090066504163462 0.0192200875982045 0.999774708862449 -0.597537219524384
0.709698993291727 -0.704493435084927 0.00404213346487459 -8.8392333984375 0.704446911068955 0.709555066466434 -0.0169161797466938 34.7054138183594 0.00904922129892711 0.0148528641700299 0.999848740570207 -0.631989359855652
0.75876379831034 -0.651273251387901 0.0109840976096114 -8.5951566696167 0.651233221351517 0.758161098553386 -0.0329702903907328 34.8846893310547 0.0131449527116552 0.0321698720382141 0.999395972350926 -0.649083733558655
0.797763021418644 -0.602969907128299 0.00120530273646141 -8.33889389038086 0.602908055451189 0.797649092746441 -0.0160561985801523 35.0871162414551 0.00871999593248472 0.01353572822087 0.999870364463548 -0.648047804832458
0.822936107075189 -0.567213220551804 0.0323315032620406 -8.02242565155029 0.567901225386633 0.822894577166782 -0.0182404241689444 35.2611312866211 -0.0162592089688854 0.0333718039780961 0.999310742873784 -0.697888433933258
0.845018074978179 -0.534735378089708 0.00159008786823574 -7.73435354232788 0.534717219176931 0.844955855668664 -0.0112737521227611 35.4421310424805 0.00468492004856081 0.0103767716797067 0.999935184966329 -0.584343016147614
0.869741433621588 -0.493284086341873 0.014854252042037 -7.41259860992432 0.493498350567431 0.869145754361144 -0.032327011356185 35.5811500549316 0.00303589016445228 0.0354466900832878 0.999366957395054 -0.639453828334808
0.879167374072673 -0.476503726160014 -0.00298786241017276 -7.10083150863647 0.47625803892635 0.878884650687553 -0.0272038810437894 35.7423057556152 0.0155887370940466 0.022493771169803 0.999625440619822 -0.584674119949341
0.882253764278598 -0.470751871068113 -0.00457944342848544 -6.82418727874756 0.470667743305623 0.882219433645325 -0.0126785768173476 35.9129524230957 0.0100085377471364 0.00903032581871924 0.99990913706585 -0.605373620986938
0.886459675604292 -0.46279366796433 -0.00335625083309947 -6.49963283538818 0.46266430791916 0.88634461950095 -0.0183017392452526 36.0208282470703 0.0114447239030505 0.0146709363654419 0.999826875974508 -0.583672344684601
0.901455268166962 -0.432858677035277 0.00343004508714452 -6.18761587142944 0.43282105206695 0.901198427856705 -0.022523998673885 36.1584510803223 0.00665855702750995 0.0217889729880143 0.999740418445928 -0.592732071876526
0.917660153883219 -0.397291705256667 0.00769044272303604 -5.88540172576904 0.397365903308083 0.917467040013685 -0.0188300126574469 36.2869720458984 0.000425280117183063 0.020335472032334 0.999793122457863 -0.608142733573914
0.93286925917464 -0.360115587541469 0.00846811056966814 -5.5530834197998 0.360214788074081 0.932643288896514 -0.0205378219156214 36.3594436645508 -0.000501736686468562 0.0222094413697273 0.999753214035515 -0.545854985713959
0.945568758230285 -0.325380237599329 -0.0052368347921634 -5.21859931945801 0.3249969183286 0.94503285475689 -0.0359152684377497 36.4642181396484 0.016635099511247 0.0322584006089412 0.999341117464104 -0.576521813869476
0.956499684807874 -0.291666730025841 -0.00623470596508291 -4.88739156723022 0.291420138800332 0.95624457133006 -0.0258963801212701 36.5156631469727 0.0135150162424267 0.022952960545936 0.999645190024012 -0.49407297372818
0.962647895854728 -0.270642271387534 0.00786063258655642 -4.51956415176392 0.270756327235235 0.962263267958049 -0.0272105567892887 36.6187973022461 -0.00019967110578473 0.028322501247126 0.9995988175536 -0.578610062599182
0.968129033878293 -0.25044697173446 -0.00157737469313583 -4.1905198097229 0.250346592606697 0.967885274478253 -0.0229058730104997 36.7036781311035 0.00726342426823456 0.0217809503281033 0.999736381688045 -0.576442718505859
0.981882012389307 -0.189467633880387 -0.00311920792702735 -3.65276050567627 0.189313206977005 0.98153339367267 -0.027435501990915 36.7827529907227 0.00825974638872517 0.0263479186498568 0.999618709194868 -0.546413958072662
0.990898583430222 -0.134585239801733 -0.00260970946445759 -3.30959296226501 0.134393026525863 0.99021316534799 -0.0376351111693919 36.8057556152344 0.00764929913113667 0.0369418515917077 0.999288140539944 -0.551103055477142
0.995307221217803 -0.0959364225779597 -0.0126387584294712 -2.91972160339355 0.095357084832401 0.994622069748328 -0.0404223297425959 36.8072471618652 0.0164487617759411 0.0390274415315175 0.999102745989391 -0.525809347629547
0.996340805767544 -0.0835187193565233 -0.0181555027341034 -2.57049512863159 0.0826701911629916 0.995635027030199 -0.0433189617101856 36.8395957946777 0.0216941986613049 0.0416595303336512 0.998896313576551 -0.547845721244812
0.996666985034809 -0.0805323647234489 -0.0130176485462653 -2.18484973907471 0.0800303364415408 0.996165883002959 -0.0353366493882623 36.8623580932617 0.0158134812953527 0.0341770650141961 0.999290679450347 -0.55248236656189
0.995950975488002 -0.0896358629276474 -0.00686050302192282 -1.81489932537079 0.0893559714541772 0.995426680623615 -0.0337821531008775 36.8813819885254 0.00985722019527197 0.0330323414227157 0.999405673202907 -0.530461490154266
0.996135217569722 -0.0860756846483 -0.0174815568428408 -1.49664402008057 0.0856490375321119 0.99604004519861 -0.0238426242384226 36.906063079834 0.0194646008730196 0.022253199165022 0.999562866677117 -0.501455187797546
0.998144785980447 -0.0585424556947082 -0.0167262399026431 -1.1595470905304 0.05824225646562 0.998141909131239 -0.0179044351387755 36.9057273864746 0.0177433306298618 0.0168970446255786 0.999699786986614 -0.475780934095383
0.999241583896304 -0.0383406400167068 -0.00680090696271461 -0.663165926933289 0.0380669982799908 0.998604240930165 -0.0366124792692354 36.8860626220703 0.00819516042291919 0.0363258216617094 0.999306396470194 -0.470564514398575
0.999592381666818 -0.0262842816191886 -0.0111448218210243 -0.332608371973038 0.0260236230012903 0.999398506107547 -0.0229215408707595 36.8973922729492 0.0117405945141593 0.0226221689889889 0.99967514519002 -0.451083183288574
0.999798478539145 -0.0199557738131042 0.00218389613557276 -0.0455620214343071 0.0200259419037878 0.99903440887903 -0.0391051342740598 36.885139465332 -0.00140141417035092 0.0391409883274089 0.999232715172535 -0.511477291584015
0.999664564479117 -0.0139130564989795 -0.0218445733223002 0.420382112264633 0.0132533953334042 0.999460295108201 -0.0300577113959796 36.8714408874512 0.0222509783361012 0.029758114205771 0.999309435861587 -0.452755600214005
0.99921700976571 -0.011236795099759 -0.0379354956572324 0.707993626594543 0.0100062119728546 0.999422481216811 -0.0324742938397208 36.8573760986328 0.038278494181827 0.0320692761739372 0.998752380927751 -0.391580522060394
0.999494157518374 -0.0161729693563609 -0.0273836474713272 0.983086943626404 0.0151064074076244 0.99913599754771 -0.0387176298290251 36.8462066650391 0.0279861669735351 0.0382843762720611 0.998874907579317 -0.421316355466843
0.99993581399165 -0.00996266415141191 0.0053956667671208 1.34847033023834 0.0101121032350889 0.999545037839146 -0.0284158881491289 36.8832092285156 -0.00511011399271532 0.0284686257860661 0.999581624521397 -0.49382808804512
0.999497750406765 -0.00984609502081991 -0.0301214432698356 1.59524810314178 0.0090743598457324 0.999629770591246 -0.0256510768016403 36.8477096557617 0.0303628543652783 0.0253648607434474 0.999217053954874 -0.402282863855362
0.999836091770529 -0.0100928697285152 -0.0150307542617615 1.80953633785248 0.00974866910351584 0.999692523562866 -0.0227996005056834 36.8428039550781 0.0152562460567598 0.0226493336138577 0.999627057778602 -0.424626916646957
0.999865184632287 -0.0101700879800705 -0.0128911547473408 2.07803916931152 0.00983320623934603 0.999615341761593 -0.0259321532061771 36.8381233215332 0.0131499283380842 0.0258018957701131 0.999580582824302 -0.420960336923599
0.999960243138399 -0.00473240326291506 -0.0075575460270493 2.2376971244812 0.00451600288795479 0.999586479948748 -0.0283985003404657 36.8350296020508 0.00768881398590197 0.028363241405534 0.999568111074209 -0.429156631231308
0.999901721812377 0.000842077214091199 -0.0139941996058915 2.38530707359314 -0.00107384681616286 0.999862254401662 -0.0165625805912403 36.8265609741211 0.0139783249947711 0.016575980477529 0.999764894013362 -0.386626660823822
0.999718249883301 2.31024931179178e-05 -0.023736476498091 2.56771302223206 -0.000500743755917069 0.999797508842683 -0.020116922420076 36.8175354003906 0.0237312053204325 0.0201231403672304 0.999515827346321 -0.383695423603058
0.999799444516871 0.00400103708706842 -0.0196230080768599 2.69044756889343 -0.00441005485432838 0.99977299296478 -0.0208449983072332 36.8051376342773 0.0195351519046671 0.0209273562705528 0.999590127802184 -0.372701674699783
0.999825972605078 0.00274756521435215 -0.018451975224944 2.81789469718933 -0.00334092109358137 0.999475754792679 -0.0322033201370664 36.8068199157715 0.0183538211431715 0.0322593624704024 0.999310998029366 -0.409228712320328
0.99994412041275 0.00957745108258216 -0.00447531928839943 3.09089636802673 -0.00968172951933041 0.999667685296068 -0.0238910671238417 36.7951393127441 0.00424501654730583 0.0239330609317348 0.999704550569292 -0.424524962902069
0.999707823217197 0.0106384676774437 -0.0217046355373534 3.29321002960205 -0.0112052388403003 0.999594950701071 -0.0261606031171961 36.782039642334 0.0214175353592608 0.0263961652214788 0.999422098835489 -0.394936412572861
0.999637684795404 0.0136179345480327 -0.0232174717730015 3.48986721038818 -0.0142320115352562 0.999547706695904 -0.0264921098936886 36.7753448486328 0.022846202847409 0.0268129427255652 0.999379365965623 -0.39098247885704
0.999379555933151 0.0116711602021723 -0.0332308170587683 3.83898282051086 -0.0125030671520882 0.999610822865881 -0.0249374441590704 36.746524810791 0.0329268354788077 0.025337459007004 0.999136545561426 -0.33057165145874
0.999505490819602 0.012610921521881 -0.0288051814754957 4.06137466430664 -0.0131961007861322 0.999708543089843 -0.0202161271569629 36.7268714904785 0.0285418420132535 0.0205862461744051 0.999380593028971 -0.313913553953171
0.999774707048393 0.0189570323839226 -0.00954809245320319 4.25231599807739 -0.0191189576239286 0.999669890621006 -0.0171631944917083 36.7425842285156 0.00921957730454201 0.0173418773199644 0.999807110739539 -0.372481763362884
0.999214232978182 0.0219094241455117 -0.0330286806796133 4.5555534362793 -0.0226208576419807 0.999516711436211 -0.0213222972327839 36.7103805541992 0.0325455590421341 0.0220526799585449 0.999226934131222 -0.316532999277115
0.999298236974998 0.0224671074687657 -0.0299710303567857 4.7619571685791 -0.0232843318453928 0.999358721778837 -0.0272026670582521 36.6853332519531 0.0293406453435173 0.0278814326489049 0.999180540365089 -0.303097635507584
0.999508342908262 0.0287871372070442 -0.0124247007289027 4.94883394241333 -0.0291221243788025 0.999192538502955 -0.0276798278839722 36.6864204406738 0.0116178452582885 0.0280280525802914 0.999539620995642 -0.332210659980774
0.998937915068804 0.0376188655285759 -0.0266056910140357 5.28553104400635 -0.0383061407532799 0.998932622121497 -0.0258119360386068 36.640308380127 0.0256062769371365 0.0268036829151171 0.999312704394177 -0.279543519020081
0.999017797376412 0.0355806925953546 -0.0264093702995045 5.50770473480225 -0.0364598322122625 0.998770458354199 -0.0335894649257353 36.6417350769043 0.0251817624529168 0.0345193544751118 0.999086729471664 -0.338766038417816
0.999090471644416 0.0369190280219517 -0.0213357643231561 5.76287460327148 -0.0376937121494498 0.998599448190078 -0.0371258149926207 36.6081466674805 0.0199352334757669 0.0378962721700463 0.999082808891175 -0.305695086717606
0.998640670225895 0.0508088842408643 -0.0116305224721256 6.11911153793335 -0.0510110041773817 0.998539510847632 -0.0177967055655369 36.5868682861328 0.0107093054672706 0.0183657986041914 0.999773978566175 -0.305151969194412
0.998581260779458 0.0483567543303498 -0.0222955136909088 6.32090759277344 -0.04904836000985 0.998296609508411 -0.0315933192994202 36.57177734375 0.0207297853450403 0.0326420550003393 0.999252106450071 -0.323443919420242
0.998389941599638 0.0452510179424708 -0.0342033607682161 6.6570291519165 -0.0464970299093816 0.99824927466048 -0.0365569671804378 36.5237312316895 0.0324892401000182 0.0380884630169783 0.998746072964859 -0.243652522563934
0.998193840645747 0.0581750994250183 -0.0149904737677797 6.99914073944092 -0.0586791344646139 0.997637567414335 -0.0357217477468786 36.501392364502 0.0128769435572661 0.0365368566039431 0.999249339471448 -0.275880843400955
0.997966597799013 0.0636630337360845 -0.00311252517759812 7.21467256546021 -0.0637333780393226 0.997339799591211 -0.0353748593645135 36.4860038757324 0.000852174371716047 0.0355012997914228 0.999369266843823 -0.285061508417129
0.997994718588541 0.0628822913443319 -0.00723595913933754 7.58017873764038 -0.0630989649074334 0.997387797126567 -0.0351582532362568 36.4243621826172 0.00500622582292162 0.0355443325763874 0.999355561411808 -0.26105585694313
0.997704778433149 0.0668039963287984 -0.0110635060519925 7.77048063278198 -0.0672053768007194 0.996892151026386 -0.0411032425857017 36.4182472229004 0.00828326147926727 0.0417524286298127 0.999093650406597 -0.291419237852097
0.998183564866186 0.05722188046273 -0.0188474727043486 7.98883628845215 -0.0578753078148023 0.997668355079089 -0.0361704578230195 36.401050567627 0.0167337854765145 0.0371955598169189 0.999167889172552 -0.249653682112694
0.999310812604353 0.0269300890705812 -0.0255474091578255 8.33758640289307 -0.0278456228294195 0.998957096226608 -0.0361848198523352 36.3731536865234 0.024546305246788 0.0368712652502569 0.999018512690119 -0.22648474574089
0.999258519811156 -0.0358330862855069 -0.0140854716666649 8.59162712097168 0.0352803123298523 0.998665836088949 -0.0377073917245362 36.379997253418 0.0154178515599638 0.0371824926008863 0.99918954763211 -0.226600930094719
0.996483792092352 -0.0829265482073936 -0.0119682788927031 8.90608787536621 0.0824272807531028 0.995892382009596 -0.0374714136763193 36.3998260498047 0.0150264927676377 0.0363531437108196 0.999226027211784 -0.214157149195671
0.996400517764005 -0.0819733380630881 -0.0215958340060542 9.10637855529785 0.0813550173193426 0.996288860174902 -0.0281045947909731 36.4261093139648 0.0238195162963447 0.026246503351685 0.999371678458629 -0.230967730283737
0.996366392114147 -0.0816108296094322 -0.0243656552527839 9.42344856262207 0.0807583954895114 0.996149183481924 -0.0341304234702026 36.4337005615234 0.0270572397593872 0.0320386756710684 0.999120327607164 -0.210191562771797
0.998604910416391 -0.0505429505476519 -0.0152853865574264 9.64162540435791 0.0499123939125861 0.997986051024882 -0.0391483702556826 36.4358901977539 0.0172332767106889 0.0383308245371632 0.999116490737749 -0.233626663684845
0.997796375291733 0.0617105415784592 -0.0243762694597003 9.95112609863281 -0.0624442357885597 0.997579845263154 -0.0305805451476019 36.367374420166 0.0224301331128777 0.0320353146205093 0.999235021276628 -0.17675270140171
0.996870775580751 0.0768931218127789 -0.018333156054439 10.1490278244019 -0.0774628885202305 0.996458493115217 -0.0327104325965652 36.3619842529297 0.015753021777856 0.0340282135357888 0.999296714188748 -0.190554484724998
0.997520748648722 0.06977482592955 -0.00915585505537396 10.4530038833618 -0.0701024469671212 0.996637097871763 -0.0424280812077659 36.3320426940918 0.00616465283012573 0.0429647391735574 0.999057570034496 -0.209934502840042
0.999465585536714 0.0241302346530144 -0.0220516462728801 10.6530303955078 -0.0251859641758796 0.99848496662683 -0.0489227823079285 36.3266716003418 0.0208377190758747 0.0494520292385269 0.998559105044818 -0.181066960096359
0.998743111097139 -0.0392820599443267 -0.031130656956424 10.9648847579956 0.038090943371962 0.998552508553544 -0.0379732497221174 36.3292808532715 0.0325772630686221 0.036739725474677 0.998793729707492 -0.140203237533569
0.998184755111193 -0.0584286021740839 -0.0146045579046519 11.1708860397339 0.0578988860701493 0.997730092087688 -0.0343857868097974 36.3404693603516 0.0165805203610608 0.0334777805518169 0.999301918618133 -0.172433137893677
0.998263625041172 -0.0574439325205555 -0.0130357023682231 11.4465942382812 0.0568628392966205 0.99752896833293 -0.0412622690089473 36.3427772521973 0.0153737577314637 0.0404493751894129 0.999063309115093 -0.154742330312729
0.998339828499762 -0.0567831031739914 -0.00965743366524668 11.6422147750854 0.0563177147328133 0.997483321912418 -0.0430736289838716 36.3499870300293 0.0120789833322285 0.0424582347784103 0.999025223135613 -0.14300175011158
0.99849967847456 -0.0516767645106768 -0.018108122373923 12.027946472168 0.0510043392913528 0.998056125987431 -0.0358123826687628 36.3207855224609 0.0199235905311638 0.0348350597626786 0.999194460128596 -0.0882780775427818
0.998888500362001 -0.0436833064733324 -0.0177068512194963 12.2504215240479 0.0431671123150317 0.998659697647474 -0.0285553621766075 36.3372535705566 0.0189305113225687 0.0277592692665477 0.999435369951881 -0.112075522542
0.997902031347402 -0.0468269140399986 -0.0447076722075609 12.6103096008301 0.0446826534070675 0.997856373956662 -0.0478133604609194 36.3404350280762 0.0468507877973467 0.0457153921076098 0.997855253334478 -0.0803825333714485
0.998634174883436 -0.0417524662802732 -0.0314088572602177 12.9111986160278 0.0405668227160614 0.998473493247127 -0.0374835454246787 36.344783782959 0.032925941893919 0.0361581919126905 0.998803517969377 -0.114341698586941
0.999202226935268 -0.038514833602456 -0.0105601742493563 13.4203119277954 0.0380302981234937 0.998360568408423 -0.0427770016696796 36.3563613891602 0.012190410667399 0.0423412687550184 0.999028833842135 -0.121108919382095
0.999279941348956 -0.0355647745021053 -0.0132191388615645 13.760082244873 0.0350545916679869 0.998700012458426 -0.0370062254023568 36.3498802185059 0.0145180722073431 0.0365161872346188 0.999227598522593 -0.0840274691581726
0.999410314969809 -0.030390768904546 -0.0159819741376879 14.3055200576782 0.0297611107994911 0.998824501925697 -0.038260823787056 36.3418998718262 0.0171259632116755 0.0377626206489197 0.999139973109773 -0.0518008694052696
0.999432072057067 -0.0299510071124092 -0.0154424906239579 14.6804285049438 0.0293001570841302 0.998738546094862 -0.0407776573526093 36.3259429931641 0.0166443425392506 0.0403020311804992 0.999048903780071 -0.0315151996910571
0.999772872462367 -0.0198541700909202 -0.00774696187862487 15.2336435317993 0.0195979985796754 0.999300525788655 -0.0318492952855939 36.3448753356934 0.00837388440445062 0.0316902364856862 0.999462659118119 -0.0861886218190193
0.999334915645878 -0.0158091070993801 -0.0328602876397323 15.7958078384399 0.0147027829872208 0.99932583674385 -0.0336407519035401 36.33056640625 0.0333699646909658 0.0331352402877236 0.998893638636066 -0.0598128996789455
0.999715259047704 -0.00654235161475002 -0.0229477332765317 16.1755485534668 0.00569542532179089 0.999307160721627 -0.0367798947916361 36.2989044189453 0.0231724611896485 0.0366387249481869 0.999059878524098 -0.0133458180353045
0.999256327292024 -0.00152577761635932 -0.0385287473131421 16.7180442810059 -0.000158042288389424 0.999046341835333 -0.0436621333431476 36.2804412841797 0.03855862276443 0.0436357521776025 0.998303137199521 0.0561269670724869
0.999951803336798 0.00242413591300802 -0.00951391447096712 17.298770904541 -0.00285016725076679 0.998981803031709 -0.0450248126943189 36.2686500549316 0.00939508116666745 0.0450497588960375 0.998940564634994 -0.0142832696437835
0.999552591934944 0.00365371816246516 -0.029686129753207 17.8816699981689 -0.00465472090219093 0.999420455368025 -0.0337207201182301 36.2322807312012 0.029545719308517 0.0338438138447571 0.998990313634213 0.0444012098014355
0.999187431053298 0.00841295611401933 -0.0394169988017224 18.2505187988281 -0.00944210977413851 0.999617443928173 -0.0259963912403201 36.2084426879883 0.0391832130908699 0.0263474470097248 0.998884621889808 0.0940801575779916
0.999677146012516 0.0062450704333909 -0.0246293084667855 18.8212699890137 -0.00702186816861073 0.999476553670701 -0.0315802474651492 36.2330703735352 0.0244191954759516 0.0317429954134671 0.999197720741239 0.00908943079411991
0.999690183379635 0.0244631438204911 0.00459258628763957 19.3998126983643 -0.0243581701410203 0.999468427761003 -0.0216689052868588 36.1880187988281 -0.00512023454272889 0.0215503249016741 0.999754653249916 -0.0220318902283906
0.999210140546619 0.0310902944880459 -0.0247485073782885 19.7701282501221 -0.0324645159048241 0.997834058945076 -0.0572122890318158 36.1560821533203 0.0229161566557754 0.0579705476758775 0.998055241640605 0.0517193600535394
0.998935801670827 0.0358414825088146 -0.0290284734671561 20.3379726409912 -0.037180804846003 0.998202962836275 -0.0469939648879135 36.0962753295898 0.0272919748509794 0.0480232559959583 0.9984732920776 0.0702241808176041
0.998910134819795 0.0392112631870376 -0.0253183607995387 20.9361152648926 -0.0401075767682968 0.998549453517336 -0.0359217366785591 36.0350570678711 0.0238730986692957 0.0368980449279556 0.999033837985691 0.122332021594048
0.998943735617461 0.0449170207249153 -0.00968887608701648 21.5173301696777 -0.0452130435187086 0.998436359177711 -0.0328727450592817 36.005443572998 0.00819718039373211 0.033276086325689 0.999412581626046 0.0882485061883927
0.998503984809546 0.0521934949738468 -0.0162982024123101 22.0806980133057 -0.0526697926550113 0.998151965702436 -0.0303075288672861 35.938175201416 0.0146862269196591 0.0311206112854213 0.999407735757576 0.143069341778755
0.998007847135677 0.058563903476872 -0.0234650008558153 22.4405460357666 -0.0591555097971326 0.997926467200454 -0.0253651674834268 35.9143409729004 0.0219308621867253 0.0267027202803865 0.999402822696321 0.11117809265852
0.997866130518048 0.062895087248754 -0.0175326428387243 23.034517288208 -0.0635776482738563 0.997111340898428 -0.0415554628382927 35.8547859191895 0.0148683625495368 0.0425814731040453 0.998982357173231 0.115118838846684
0.998375693894795 0.0523710896317588 -0.0224330740396492 23.6127128601074 -0.0531778792448855 0.997898622536375 -0.0370196204602752 35.7805099487305 0.0204471758221636 0.0381524325671213 0.999062713191774 0.184053927659988
0.999060804448984 0.0401781567591096 -0.0162242020817633 24.1827564239502 -0.0408540475300515 0.998207567378905 -0.0437332736929274 35.7429008483887 0.0144379989666773 0.0443550239198292 0.998911495598539 0.231766536831856
0.999104869379511 0.0399513320284805 -0.0139050728621144 24.7709350585938 -0.0405712174352699 0.998042571379926 -0.0475920374555054 35.7027931213379 0.0119764893842331 0.0481135821000297 0.998770067092288 0.186882168054581
0.997809347785009 0.0552725277969506 -0.0363517969815938 25.3019561767578 -0.0567923730563319 0.997493859853635 -0.0421974633944659 35.6311950683594 0.0339283338153543 0.0441695282432605 0.998447755738517 0.359678208827973
0.997902737816805 0.0537704110442264 -0.0360398217789827 25.8894901275635 -0.0553897907682219 0.997425210877604 -0.04555128740684 35.5672340393066 0.0334977153904336 0.0474519926020276 0.998311680519525 0.338269740343094
0.999343479178737 0.0261452573698434 -0.025080592895745 26.4604034423828 -0.0272622783221703 0.998602234828382 -0.0452807329495205 35.5617942810059 0.0238616596996514 0.0459347593095459 0.998659410952279 0.220071569085121
0.999498342769487 0.0123287082170286 -0.0291730312917322 26.9557800292969 -0.0137522777618897 0.998698649128853 -0.0491109263256517 35.515022277832 0.0285295926611098 0.0494874851038434 0.99836719255026 0.307401239871979
0.999584720109374 0.0123360421417402 -0.0260424535737559 27.3576602935791 -0.0134707938198897 0.998946990127735 -0.0438571388556226 35.4950103759766 0.0254740070999057 0.0441897383904516 0.998698323811179 0.314679503440857
0.999690852183936 0.0112710037204381 -0.0221622321730056 27.685266494751 -0.0122929742501566 0.998841202654158 -0.0465310075592658 35.4690284729004 0.0216120994778694 0.0467890623493283 0.998670967236271 0.345616102218628
0.999502946571833 0.0151853228113172 -0.027627264890672 27.8426361083984 -0.0165084203282361 0.998695919787054 -0.0483107840855145 35.4518775939941 0.0268576218695838 0.0487428535460021 0.998450200248216 0.354760766029358
0.999630451947672 0.018443215777959 -0.019970161007393 28.0276870727539 -0.0193958438881376 0.99862952758914 -0.0486093392976825 35.4497756958008 0.0190462799192008 0.0489787139363404 0.998618207726247 0.340780407190323
0.999513894299304 0.0254329870755167 -0.018031590918598 28.1557006835938 -0.0262284223704206 0.998627109266206 -0.045342766772443 35.4426651000977 0.0168536335132186 0.0457936655776532 0.99880873806268 0.34108766913414
0.999719301152695 0.00922313892629556 -0.021823212667099 28.3164081573486 -0.0103421046030455 0.998607577378747 -0.0517295589980225 35.4240226745605 0.0213157166228782 0.0519407365186178 0.998422656050411 0.351672500371933
0.999556687345478 -0.0191353383029033 -0.0228093755058704 28.4653987884521 0.0179370921038319 0.998505301815405 -0.0516277345366305 35.4223403930664 0.023763196539881 0.0511957134393064 0.99840588410508 0.363018900156021
0.99878561132387 -0.045212024041367 -0.0195748689519404 28.5771617889404 0.0441189168317155 0.99761559036682 -0.0530721681736884 35.425407409668 0.0219276945892394 0.0521440959183583 0.998398802819223 0.368047893047333
0.99579274684567 -0.0895395350457065 -0.0194801692331811 28.769567489624 0.0884001864562159 0.994669764521089 -0.0530798133198286 35.4524345397949 0.0241290771489696 0.0511344425153957 0.998400248610035 0.37416735291481
0.995705121511733 -0.0906705583625734 -0.0187125851106976 28.9278526306152 0.0896845969511735 0.994807396356586 -0.0481135866874917 35.4719123840332 0.0229779038428551 0.0462287140254667 0.998666571952091 0.339057207107544
0.995831679099447 -0.0860661678427381 -0.0301973782776073 29.2169170379639 0.0849770390551002 0.995744305854081 -0.0356676350856278 35.4771118164062 0.0331386441394824 0.0329528771435693 0.998907372158479 0.419039905071259
0.996444121929545 -0.0826494907717118 -0.016376005228228 29.5209827423096 0.0817286430417985 0.99536902866545 -0.0506055894160454 35.4912757873535 0.0204826946128801 0.04908725342465 0.998584448493276 0.372076094150543
0.996939248959489 -0.0772671866486585 -0.011912839774413 29.8388328552246 0.0767047909856399 0.996166600924972 -0.0420532786050794 35.5107002258301 0.0151165116326075 0.0410107921038902 0.999044346366603 0.367258012294769
0.996506671400886 -0.0777935244896337 -0.0303746835540435 30.0554389953613 0.0762870634282884 0.995932200451262 -0.0479513926575284 35.4970359802246 0.0339814332690048 0.045466687275289 0.998387721549697 0.450392603874207
0.997372941769565 -0.0718356464825727 -0.00931959872280619 30.5023460388184 0.071368121937062 0.996507137236994 -0.0433603114254048 35.5417709350586 0.0124018626463908 0.0425812791043468 0.999016030138024 0.350279301404953
0.997607400717826 -0.0654109632556524 -0.0223803467129033 30.7768878936768 0.0642221232932761 0.996669592201063 -0.0502517946094386 35.5307159423828 0.0255928293223963 0.0486942488157858 0.998485792197135 0.451574772596359
0.99837625487655 -0.0434808221058785 -0.0368004321669114 31.2402667999268 0.041593169809088 0.997852891538513 -0.0505926385303395 35.5234260559082 0.0389212271634241 0.0489798423560772 0.998041137989245 0.436669737100601
0.999165979949294 -0.0297997848743749 -0.0279162557197223 31.5601081848145 0.0279974597428681 0.997629103415013 -0.0628674340760295 35.5048637390137 0.0297235051754404 0.0620334171297891 0.997631379016963 0.407125473022461
0.999502658860344 -0.0180976130225018 -0.0258246265024257 32.0328483581543 0.0159593858030417 0.99660835086512 -0.0807285141117759 35.4634971618652 0.0271980318385666 0.0802762193229931 0.996401523320451 0.505479514598847
0.999674756861604 -0.0222952437076225 -0.0123815427839376 32.5635643005371 0.0213040400015418 0.996947106696252 -0.0751172705147386 35.460334777832 0.0140185011076599 0.0748290622551789 0.997097835254247 0.475932031869888
0.999534523725282 -0.0280601502753067 -0.011973464319113 33.1025314331055 0.027153235622337 0.997166240911563 -0.0701583194036251 35.4460487365723 0.0139081873913073 0.0698005440725961 0.997464007556492 0.572683751583099
0.998768079790654 -0.0495952098109736 -0.0016241782832458 33.6885299682617 0.0494306077652594 0.997257275040383 -0.0550866807403247 35.4942779541016 0.00435175909803599 0.0549385342253949 0.998480255012545 0.514444351196289
0.998444042124484 -0.0557402763033018 -0.0015862987588313 34.0721702575684 0.0556628517131821 0.997953142764833 -0.0314828808235419 35.5118789672852 0.0033379163076678 0.031345596874595 0.999503032447275 0.5358766913414
0.998630311998221 -0.0457368433990651 -0.0254094689874666 34.5962753295898 0.0450248449528175 0.998595627401014 -0.0279201768001366 35.5305328369141 0.0266507653794479 0.0267378774674718 0.999287157234208 0.479409098625183
0.998816958047149 -0.0409161379496096 -0.0262783936481614 34.9841690063477 0.0400825402126949 0.998699672665001 -0.031501647400072 35.5315322875977 0.0275331488852422 0.0304110748594863 0.999158191798653 0.541312217712402
0.999276006565528 -0.0308366536592226 -0.0222837046639813 35.5159378051758 0.0300428190122361 0.998931390032623 -0.0351213187863061 35.5198707580566 0.0233429160185358 0.0344264258759527 0.999134590269579 0.587495982646942
0.99939436654725 -0.0198173688296658 -0.0286037061635336 36.0287742614746 0.018480509166169 0.998758093075579 -0.0462681564036446 35.4788703918457 0.0294850961433046 0.0457115238063879 0.998519446829514 0.640263378620148
0.999464359708633 -0.0191832156963607 -0.026514107711932 36.5556983947754 0.018253352453096 0.999224854382878 -0.0348784390094928 35.4754791259766 0.0271626360362187 0.0343757853592141 0.999039787288024 0.608468651771546
0.999613782521922 -0.0198592430823444 -0.0194395539149506 36.9974555969238 0.0191943277442964 0.999243839833884 -0.0338131089442991 35.4953155517578 0.0200963572485277 0.0334269205615902 0.999239099218555 0.593134999275208
0.999531094227421 -0.0214858738220144 -0.0218162530843218 37.2511825561523 0.0208329557504259 0.999340937070936 -0.0297267463555023 35.4805908203125 0.0224405799219962 0.0292583102773904 0.999319954595362 0.631983041763306
0.999266992659353 -0.0154873700867419 -0.0350088381602292 37.5736427307129 0.0148570837318023 0.999724109039156 -0.0181926597519873 35.4657554626465 0.0352809359926724 0.0176591951589436 0.999221401082773 0.761090397834778
0.999519938095442 -0.014998819310128 -0.027109569693835 37.8649559020996 0.0142818872852864 0.999548146775299 -0.0264486289556833 35.4672088623047 0.0274940183540555 0.0260487561577739 0.999282513235061 0.684662401676178
0.999606428524057 -0.0189652182565457 -0.0206714428587234 38.0685157775879 0.0181274549429791 0.999035712343374 -0.0399880087008402 35.4628410339355 0.0214098909541862 0.0395975499122079 0.998986311522976 0.658697128295899
0.999643864030291 -0.011863045035713 -0.0239042521127615 38.3742218017578 0.0111364030849909 0.999478651655224 -0.0303052043679601 35.4561882019043 0.024251301674723 0.0300282042076423 0.999254813007746 0.692638576030731
0.999946703696541 -0.00470173256960061 -0.00919148939321064 38.6174812316895 0.00446198502810956 0.99965374084953 -0.02593239470525 35.454288482666 0.00931023394069521 0.0258900003164138 0.999621442060736 0.585413217544556
0.99993771091473 -0.00729098484698953 -0.00845078875441135 39.0298118591309 0.00710270385480111 0.99973054395791 -0.0220995718414081 35.4328651428223 0.0086096392817417 0.0220381718294311 0.999720057362987 0.723374307155609
0.999997720142077 0.00204115150358255 -0.000627224989259012 39.5037574768066 -0.00205803344198071 0.99959990541985 -0.0282098135934751 35.4324035644531 0.00056939353650817 0.0282110401291116 0.999601827232141 0.590961217880249
0.999846761134114 0.0061962449131093 -0.0163725623711929 40.0007934570312 -0.00657641524572737 0.999707607819834 -0.0232690702362826 35.3989868164062 0.0162235943039019 0.0233731772791389 0.999595162839307 0.693970441818237
0.999707178746145 0.0219176136193706 -0.0102554851983986 40.5315818786621 -0.0221597846491761 0.999463242377646 -0.0241282216556659 35.3501777648926 0.00972114744897597 0.0243484157430168 0.99965626789566 0.796304881572723
0.999843355055722 0.0163206058883187 -0.00684858922376719 40.9361228942871 -0.0165198529945427 0.999409705026776 -0.0301220177831846 35.3477249145508 0.00635293695517445 0.030230437008584 0.999522766559278 0.629812061786652
0.999847408527361 0.00665092341288054 -0.0161531693136958 41.4345054626465 -0.00727827043452489 0.999209017604023 -0.0390943207932341 35.3094253540039 0.0158803791076551 0.0392059224678921 0.999104954047791 0.756267189979553
0.999859014971569 -0.00559581058760425 0.0158315218457148 41.7993278503418 0.00601858071126924 0.999623127658371 -0.0267839380360353 35.3393020629883 -0.0156756775389654 0.0268754451937805 0.999515874600964 0.664066135883331
0.999693983687445 0.0190876764161476 -0.015735297523709 42.1633415222168 -0.0194606047925444 0.999524975303063 -0.023897878703363 35.2847061157227 0.0152716678930495 0.0241967839690463 0.999590562082956 0.799220740795136
0.999864797699133 -0.0164384887186955 -0.000403002131127676 42.5537452697754 0.0164069262994447 0.998977705794 -0.0421231064376863 35.2486724853516 0.00109503035435633 0.0421107992705123 0.999112346782544 0.760166108608246
0.997814415140033 -0.0659785459381172 -0.00363653882781493 42.8989715576172 0.0658653072070344 0.997504130339925 -0.02544152631649 35.3013343811035 0.00530605741369525 0.0251463999546939 0.999669697612187 0.781327188014984
0.992808085990815 -0.119694665946811 -0.0023002902286557 43.2569274902344 0.119633161206674 0.992649557186241 -0.018296539499552 35.3312530517578 0.00447338026025644 0.0178897613690587 0.999829958196495 0.830807447433472
0.992777677633634 -0.11979867958554 0.00638429024476095 43.5332336425781 0.119869757508922 0.992714097334336 -0.0122459049656328 35.3541030883789 -0.00487073168223546 0.0129227444158092 0.999904634777559 0.769270360469818
0.993606619841591 -0.111941470237428 0.0146626139569275 43.908763885498 0.112063663326139 0.993670471615575 -0.00779289427656914 35.3812561035156 -0.0136974584829733 0.00938621757487502 0.999862129771272 0.801475703716278
0.993111914561917 -0.11503817374686 0.0222473309893792 44.3450889587402 0.115373731560338 0.993217272796299 -0.0144343716498235 35.4193382263184 -0.0204359296584886 0.0169017040581571 0.99964829073976 0.768556773662567
0.990075130898989 -0.133941121993182 0.0425559750746926 44.6716346740723 0.134313962440569 0.990920582298559 -0.00601324127230246 35.4565391540527 -0.0413641713184694 0.0116694222776061 0.999075988058387 0.755324482917786
0.991475571476758 -0.125448803607319 0.0351964321817995 45.0854263305664 0.125602560927003 0.992078237881818 -0.00218325671524813 35.4638938903809 -0.0346437274757511 0.00658540771695873 0.999378028851839 0.899956464767456
0.974579678531208 -0.222626550842465 0.0251370056688151 45.6804389953613 0.222895283521208 0.974806083602088 -0.00841379559773609 35.5864524841309 -0.0226305717560836 0.0138028342142937 0.999648607756568 0.807904779911041
0.94832584233186 -0.31512513117139 0.0370708574190396 46.0978469848633 0.315741306431465 0.948769542718025 -0.0119909225492057 35.7335205078125 -0.0313930594004429 0.0230761026788337 0.999240696382326 0.790007650852203
0.938810834815874 -0.343575521036783 0.0242915165567147 46.4494895935059 0.343788137378384 0.939033569184532 -0.00506680791632669 35.8571395874023 -0.0210697183233117 0.0131079094009074 0.999692077432303 0.747627913951874
0.939878960380981 -0.341227899839229 0.0138224529109369 46.6557693481445 0.341204372021831 0.939980198951572 0.00409903551463939 35.9042053222656 -0.014391537317248 0.000863684127213567 0.999896063450284 0.843582272529602
0.931012730643176 -0.364092598199297 0.0255318490678175 46.9831199645996 0.364488955419371 0.931117544378982 -0.0129583921437179 36.0068550109863 -0.0190550979433894 0.0213705050511218 0.999590018335631 0.75653737783432
0.923661770179088 -0.382361996970372 0.0254605102553457 47.2554016113281 0.382673775306755 0.923843704943015 -0.00857849227068409 36.1102333068848 -0.0202414426884245 0.0176666949368572 0.999639020790955 0.77904224395752
0.918791793589206 -0.39367961463895 0.0289482478028935 47.4149017333984 0.393973290333442 0.919108189577401 -0.00501820242658482 36.1774787902832 -0.0246310076320772 0.0160155196444093 0.999568315120857 0.816982924938202
0.907463123022249 -0.418381084202271 0.0383138191314831 47.7073516845703 0.41861387374694 0.908161849940151 0.00211636950059622 36.316291809082 -0.0356805978269521 0.0141181689681897 0.99926351491671 0.768233835697174
0.899840690996085 -0.43280365734806 0.0544768300640948 47.9467811584473 0.433871034167705 0.900930291070906 -0.00897420420642153 36.3874702453613 -0.0451957579639376 0.0317112727123335 0.998474706061716 0.669694006443024
0.882737847753692 -0.468413963704785 0.0369086812220726 48.2606353759766 0.468791352512398 0.883307093970829 -0.00180154111996994 36.5618858337402 -0.0317578329357823 0.0188927591204264 0.999317018618236 0.754695534706116
0.864589625432286 -0.499881544863866 0.051021766917414 48.5336647033691 0.500772299082206 0.865561094504151 -0.00557639244473666 36.7105941772461 -0.0413749207465304 0.0303715785775282 0.998681972976346 0.798584878444672
0.823560724526413 -0.564482076764996 0.0557469104848549 48.9019012451172 0.564182411112094 0.825343977807328 0.0224838895416299 36.9497375488281 -0.0587021295122532 0.012934578008319 0.998191743445353 0.669948041439057
