1645864168.30045
1645864176.09824
1645864176.30072
1645864176.49946
1645864176.69938
1645864176.89944
1645864177.1013
1645864177.29958
1645864177.49934
1645864177.69843
1645864177.90118
1645864178.10197
1645864178.2999
1645864178.50046
1645864178.69975
1645864178.90026
1645864179.10047
1645864179.29929
1645864179.50045
1645864179.70114
1645864179.89962
1645864180.09965
1645864180.30243
1645864180.5005
1645864180.7022
1645864180.90021
1645864181.10306
1645864181.29976
1645864181.50056
1645864181.70172
1645864181.89961
1645864182.10214
1645864182.3032
1645864182.50091
1645864182.70505
1645864182.90454
1645864183.09992
1645864183.3006
1645864183.50125
1645864183.69838
1645864183.89965
1645864184.09937
1645864184.30133
1645864184.50087
1645864184.70131
1645864184.89905
1645864185.1025
1645864185.29961
1645864185.50198
1645864185.69852
1645864185.89768
1645864186.09883
1645864186.30002
1645864186.50104
1645864186.70114
1645864186.89933
1645864187.10239
1645864187.29981
1645864187.6025
1645864187.79917
1645864187.99886
1645864188.19981
1645864188.40199
1645864188.69753
1645864188.89982
1645864189.10011
1645864189.3045
1645864189.50012
1645864189.69887
1645864190.10072
1645864191.49933
1645864191.70172
1645864191.89791
1645864192.09788
1645864192.30027
1645864192.49747
1645864192.69855
1645864192.89677
1645864193.09848
1645864193.29916
1645864193.49929
1645864193.6989
1645864193.90171
1645864194.10166
1645864194.29951
1645864194.50086
1645864194.7018
1645864194.89945
1645864195.09727
1645864195.29733
1645864195.50052
1645864195.70147
1645864195.89918
1645864196.09868
1645864196.29825
1645864196.49861
1645864196.70019
1645864196.89896
1645864197.10057
1645864197.2981
1645864197.50005
1645864197.70004
1645864197.89889
1645864198.10071
1645864198.29916
1645864198.4977
1645864198.69925
1645864198.89908
1645864199.09966
1645864199.29954
1645864199.49896
1645864199.70301
1645864199.90014
1645864200.10128
1645864200.29858
1645864200.59883
1645864200.79767
1645864200.99976
1645864201.29888
1645864201.499
1645864201.70021
1645864201.89707
1645864202.2096
1645864202.39649
1645864202.59781
1645864202.7987
1645864202.99963
1645864203.19831
1645864203.49948
1645864203.69892
1645864203.89783
1645864204.09732
1645864204.3012
1645864204.49967
1645864204.69843
1645864204.89994
1645864205.09818
1645864205.30001
1645864205.50137
1645864205.69956
1645864205.89916
1645864206.09716
1645864206.29809
1645864206.50016
1645864206.7992
1645864207.00066
1645864207.20134
1645864207.39765
1645864207.59883
1645864207.79993
1645864207.99968
1645864208.20009
1645864208.40288
1645864208.59919
1645864208.79888
1645864208.99956
1645864209.19799
1645864209.39904
1645864209.70006
1645864209.89976
1645864210.0972
1645864210.30073
1645864210.49762
1645864210.80055
1645864210.99794
1645864211.19784
1645864211.50014
1645864211.69823
1645864211.89786
1645864212.09687
1645864212.29817
1645864212.49649
1645864212.69813
1645864212.89991
1645864213.19631
1645864213.39849
1645864213.69726
1645864213.89796
1645864214.09838
1645864214.29818
1645864214.49872
1645864214.8036
1645864214.99925
1645864215.19763
1645864215.39736
1645864215.59986
1645864215.89869
1645864216.09943
1645864216.39753
1645864216.59728
1645864216.79842
1645864217.10015
1645864217.29955
1645864217.49685
1645864217.79708
1645864217.99907
1645864218.19858
1645864218.39873
1645864218.59877
1645864218.79905
1645864218.99974
1645864219.19612
1645864219.3982
1645864219.69715
1645864219.89638
1645864220.20055
1645864220.3997
1645864220.5984
1645864220.79695
1645864220.99873
1645864221.19813
1645864221.39677
1645864221.59784
1645864221.79952
1645864221.99593
1645864222.19735
1645864222.3978
1645864222.59828
1645864222.79824
1645864222.99626
1645864223.19684
1645864223.40074
1645864223.59937
1645864223.79849
1645864223.99924
1645864224.20022
1645864224.39991
1645864224.59993
1645864224.79752
1645864225.00168
1645864225.1979
1645864225.39705
1645864225.59749
1645864225.89969
1645864226.09849
1645864226.29813
1645864226.49664
1645864226.69699
1645864226.89746
1645864227.09784
1645864227.30029
1645864227.60078
1645864227.79709
1645864227.99753
1645864228.29926
1645864228.49938
1645864228.6986
1645864229.00337
1645864229.19895
1645864229.39991
1645864229.69768
1645864229.89749
1645864230.09701
1645864230.39777
1645864230.59792
1645864230.79835
1645864231.09841
1645864231.29649
1645864231.49969
1645864231.79854
1645864231.99853
1645864232.19879
1645864232.49704
1645864232.69619
1645864232.89752
1645864233.1979
1645864233.39857
1645864233.59619
1645864233.90078
1645864234.0962
1645864234.39794
1645864234.70039
1645864234.89802
1645864235.19777
1645864235.39758
1645864235.60136
1645864235.8975
1645864236.09671
1645864236.39814
1645864236.59818
1645864236.89652
1645864237.09933
1645864237.40001
1645864237.59858
1645864237.89733
1645864238.0986
1645864238.3962
1645864238.60731
1645864238.89684
1645864239.09905
1645864239.39585
1645864239.5974
1645864239.90046
1645864240.09781
1645864240.40007
1645864240.59863
1645864240.89656
1645864241.0983
1645864241.3979
1645864241.6958
1645864241.89868
1645864242.1972
1645864242.49796
1645864242.79777
1645864242.9981
1645864243.29678
1645864243.59798
1645864243.798
1645864244.0971
1645864244.39748
1645864244.69916
1645864244.99775
1645864245.20484
1645864245.49989
1645864245.8015
1645864246.09879
1645864246.39997
1645864246.69765
1645864247.0002
1645864247.29756
1645864247.60058
1645864247.89723
1645864248.20061
1645864248.39696
1645864248.69797
1645864248.99686
1645864249.49652
1645864249.79617
1645864249.99655
1645864250.29731
1645864250.49612
1645864250.79755
1645864251.09702
1645864251.39653
1645864251.59877
1645864251.89706
1645864252.09592
1645864252.39879
1645864252.5968
1645864252.89615
1645864253.19675
1645864253.49756
1645864253.7976
1645864253.999
1645864254.29816
1645864254.49709
1645864254.79827
1645864255.09648
1645864255.39628
1645864255.69768
1645864255.89814
1645864256.20088
1645864256.49667
1645864256.69496
1645864256.99717
1645864257.19876
1645864257.49743
1645864257.80026
1645864258.09831
1645864258.39715
1645864258.59876
1645864258.9085
1645864259.09609
1645864259.39866
1645864259.69499
1645864260.00045
1645864260.30062
1645864260.49903
1645864260.79541
1645864261.09689
1645864261.29653
1645864261.59806
1645864261.99984
1645864262.29816
1645864262.59931
1645864262.79643
1645864263.09632
1645864263.39612
1645864263.59648
1645864263.89743
1645864264.09795
1645864264.39584
1645864264.59624
1645864264.89557
