1604559016.00704 0 0 0 0 0 0 1
1604559017.0077 0.514756858348846 0.000146568811032921 -0.0090505313128233 0.000228025967844951 -0.000866868221491946 0.0137868131124288 0.999904555609108
1604559017.80791 1.18864798545837 0.0311764124780893 -0.0524803064763546 0.000700258656708901 -0.00280776258115022 0.0293194082510821 0.999565904984213
1604559018.40781 1.86836516857147 0.0902861207723618 -0.0951603278517723 0.00116399214454034 -0.00505221976583386 0.0428421106159471 0.999068402941308
1604559018.8085 2.39400100708008 0.141445472836494 -0.131478399038315 0.00103517417649442 -0.00671399158872299 0.0516972294796042 0.998639698387513
1604559019.20795 2.94988608360291 0.199433669447899 -0.16339598596096 0.0011076071551401 -0.00813451173929178 0.0584292847344746 0.998257793162954
1604559019.60783 3.52480888366699 0.241750627756119 -0.181202501058578 0.00168219269071514 -0.00925636296160029 0.0640701228914052 0.997901051870953
1604559020.00823 4.10940933227539 0.315051198005676 -0.226620689034462 0.00179495110094698 -0.00960645571741591 0.0667441456268677 0.997722262547867
1604559020.40769 4.71122407913208 0.390485286712646 -0.255713641643524 0.00219754474243979 -0.010008825782587 0.0683356098196287 0.997609762699894
1604559020.80712 5.34508657455444 0.453463286161423 -0.293256163597107 0.00298024432391779 -0.0102896423977878 0.067908684076875 0.997634027101142
1604559021.20793 6.02080678939819 0.539754629135132 -0.357037842273712 0.00305789374064509 -0.0104617371524026 0.067994968052668 0.997626125189763
1604559021.60737 6.75548124313354 0.614551663398743 -0.397251725196838 0.000911525191283664 -0.010479547725748 0.0682785208620238 0.997610841856775
1604559022.00816 7.55172061920166 0.682649075984955 -0.438463628292084 0.000728008933663157 -0.0115763949126073 0.0678753658732462 0.997626378857031
1604559022.40771 8.39757347106934 0.749502956867218 -0.474837630987167 -0.00647611688165725 -0.0111278817041037 0.0675327540321535 0.997633979619653
1604559022.80844 9.26860237121582 0.840523242950439 -0.54547917842865 -0.0081751622963918 -0.0120512426055048 0.0669598575334044 0.997649393199935
1604559023.20789 10.1928272247314 0.92458039522171 -0.573615610599518 -0.0079696006221493 -0.0113651909209954 0.0667620691631797 0.9976723630643
1604559023.60733 11.1119337081909 1.00185704231262 -0.580107986927032 -0.00592002922046759 -0.0112593525170469 0.0661167393314323 0.997730803882042
1604559024.0082 12.046781539917 1.0974212884903 -0.623065412044525 -0.00544244729633651 -0.0105013609801174 0.0656862526701469 0.997770222744268
1604559024.40758 12.9923896789551 1.17496907711029 -0.718848764896393 -0.00645243876702793 -0.0100103311153978 0.0655041350220518 0.997781222312753
1604559024.80846 13.9389934539795 1.26099014282227 -0.770504295825958 -0.00708466112097695 -0.00914704556864685 0.0644289267474737 0.997855226238924
1604559025.20784 14.8909721374512 1.33771252632141 -0.82841295003891 -0.00818421278779225 -0.0102802398328196 0.0632333939716241 0.997912257273581
1604559025.6073 15.8694591522217 1.42023611068726 -0.884759366512299 -0.011901351780945 -0.00948387969177656 0.0603602607248817 0.998060645841225
1604559026.00825 16.8417644500732 1.4749481678009 -0.921631634235382 -0.0100869344606778 -0.0103523827410986 0.0563468213436016 0.998306625065285
1604559026.40754 17.833044052124 1.52863967418671 -0.99304074048996 -0.00912338522596512 -0.0100837889050855 0.0526391389276515 0.998521007338499
1604559026.60794 18.3310890197754 1.56453740596771 -1.02235448360443 -0.0118522586067813 -0.00966827203194631 0.051018522715219 0.998580572023005
1604559027.00739 19.3356323242188 1.62390673160553 -1.06112682819366 -0.0116361325297092 -0.0102012999112964 0.0490723911671726 0.998675339800181
1604559027.20779 19.8638687133789 1.62901544570923 -1.09057509899139 -0.00743176041494961 -0.00935200951979025 0.0481644416021509 0.998767988784297
1604559027.40824 20.3872127532959 1.64975833892822 -1.11751413345337 -0.00688999708639928 -0.00977563036676196 0.0471461211783803 0.998816403674326
1604559027.60723 20.9240818023682 1.68094956874847 -1.14032554626465 -0.0071560074218379 -0.0111043443771697 0.0463170199811599 0.998839435922409
1604559027.80763 21.476734161377 1.70439791679382 -1.168492436409 -0.00647202378955982 -0.0111642214678612 0.0452448266384008 0.998892576171004
1604559028.00805 22.0278072357178 1.72950208187103 -1.21263635158539 -0.0069990464560808 -0.010430821727966 0.044775972479171 0.998918076518455
1604559028.20721 22.5648536682129 1.7496691942215 -1.24196326732635 -0.00695219806528699 -0.0111256729630157 0.0441403238942995 0.998939196422729
1604559028.40751 23.11181640625 1.76843762397766 -1.25901710987091 -0.00616168322904752 -0.00992309455027756 0.0442658532450921 0.99895150036967
1604559028.60787 23.633825302124 1.77887666225433 -1.29964888095856 -0.0022551061906951 -0.00914336030717698 0.0439596624645167 0.998988919625422
1604559029.0074 24.6371803283691 1.81718969345093 -1.36352288722992 -0.00139833939105584 -0.0100079033326956 0.0446698134571982 0.998950696622977
1604559029.20811 25.1404914855957 1.85686910152435 -1.37623834609985 -0.00382575175978234 -0.00940974976496643 0.0450568243301152 0.998932781929854
1604559029.60726 26.1340160369873 1.90796411037445 -1.46427464485168 -0.0047399918780224 -0.00930822087045051 0.0455225485271003 0.998908698068458
1604559029.80761 26.6504955291748 1.92485642433167 -1.4719625711441 -0.00452666739259915 -0.00917103062411232 0.0453713121899064 0.998917837216743
1604559030.00851 27.1692371368408 1.94728255271912 -1.4806627035141 -0.0035755903287234 -0.00864135937078538 0.0456362561171836 0.998914347774439
1604559030.20838 27.6937198638916 1.98870646953583 -1.5092681646347 -0.00546320428731373 -0.00890440724642325 0.0462265642678466 0.998876353552578
1604559030.40743 28.204080581665 2.01769852638245 -1.54389464855194 -0.00653834596157988 -0.0101299228120303 0.0470212233765349 0.998821124750615
1604559030.6079 28.7167472839355 2.04644751548767 -1.56926572322845 -0.00538270204891226 -0.0105075563048154 0.0489632758431747 0.998730802267487
1604559030.80824 29.2209033966064 2.07408404350281 -1.59248650074005 -0.00411924451160548 -0.0109518140535044 0.0509044762263584 0.998634980307475
1604559031.00731 29.7307586669922 2.11048126220703 -1.63410520553589 -0.00326083996269602 -0.0105402998309703 0.0543270104666212 0.998462240115254
1604559031.20772 30.2324924468994 2.15531373023987 -1.67175269126892 -0.00372305498721746 -0.0115639846629983 0.0585970664825645 0.998207792456017
1604559031.60716 31.2236843109131 2.25318384170532 -1.7170227766037 -0.000884050805395317 -0.0112213713979674 0.0712453888376672 0.997395304704956
1604559032.00805 32.2110900878906 2.3529577255249 -1.76658284664154 0.00819238750073958 -0.010747664544205 0.084701131035132 0.996314754932021
1604559032.40741 33.164852142334 2.53031516075134 -1.78619968891144 0.00774012344066106 -0.0130499180956313 0.0998661611253822 0.99488518935046
1604559032.80817 34.1318130493164 2.70521783828735 -1.8372563123703 0.0153219219700687 -0.0161589375362354 0.116630805857772 0.992925668199695
1604559033.00729 34.6187515258789 2.81936836242676 -1.86066734790802 0.0143019736604746 -0.0161401573544163 0.124260402052087 0.992015272741223
1604559033.20766 35.1112670898438 2.95155668258667 -1.8601291179657 0.0142045267699451 -0.0166293958746989 0.132238379368053 0.990976642325234
1604559033.60849 36.0581092834473 3.23278045654297 -1.9200131893158 0.0100696382032664 -0.020544470849248 0.150123573217881 0.988402468566462
1604559034.00791 37.0136108398438 3.51146554946899 -1.96613073348999 0.016532651983764 -0.0209403469490811 0.166799790902845 0.985629749471272
1604559034.40737 37.9559326171875 3.8532989025116 -1.96393120288849 0.0165910788037434 -0.0224195423984992 0.18266431090077 0.982779654727303
1604559034.60785 38.4236831665039 4.03545522689819 -1.99936020374298 0.0164099444095347 -0.0201414075461744 0.190608666348567 0.981322257843648
1604559035.00724 39.3610610961914 4.39215850830078 -1.99940967559814 0.0216099227373871 -0.0215160090071999 0.203498026797088 0.978600340121225
1604559035.20763 39.8292007446289 4.59297466278076 -2.01960039138794 0.018824887566245 -0.0213994063444233 0.20896645687375 0.977507395837932
1604559035.60841 40.7512016296387 4.96550989151001 -2.01913905143738 0.0237294593762781 -0.0229087694828239 0.216365726810256 0.975755078541927
1604559035.80746 41.2091445922852 5.17090034484863 -2.05690264701843 0.0228257891896039 -0.023437320945138 0.221205489823946 0.97467830929314
1604559036.20833 42.102840423584 5.57116508483887 -2.06479692459106 0.0234237213119446 -0.0243631183580865 0.226975087886364 0.973313966417182
1604559036.6077 42.9870491027832 5.97714328765869 -2.06931781768799 0.0221628986766228 -0.0253434545363682 0.231310788336816 0.972297194500433
1604559037.00724 43.8575630187988 6.36693716049194 -2.10319852828979 0.0204759441752638 -0.0248209843179502 0.230317043864819 0.972583525334966
1604559037.40797 44.7092132568359 6.73288249969482 -2.11642956733704 0.0224406864176254 -0.0250126985319572 0.22586717737969 0.97357834748303
1604559037.80748 45.5776748657227 7.08947992324829 -2.11861348152161 0.0234424771706241 -0.0253266935547155 0.221403930221742 0.974571346049152
1604559038.20872 46.4359893798828 7.44608736038208 -2.12496256828308 0.0231231234905068 -0.0248626080559934 0.216962691566679 0.975589238536813
1604559038.60775 47.2527465820312 7.77711629867554 -2.15795350074768 0.0237266104966083 -0.0239542589925957 0.213161558036045 0.976435042184632
1604559039.00714 48.0546760559082 8.09589099884033 -2.17644190788269 0.0213158687394739 -0.0246114776195209 0.209618367632166 0.977241039283805
1604559039.40791 48.848575592041 8.38918972015381 -2.17984104156494 0.0215053420849772 -0.0244111554948724 0.204877391497265 0.978246835007653
1604559039.80739 49.6202583312988 8.67110443115234 -2.2040958404541 0.0244569233314926 -0.0220167933247657 0.201564879263604 0.978922223243655
1604559040.20823 50.316520690918 8.93494319915771 -2.22052621841431 0.0215427366068071 -0.0218742535772079 0.198606538422486 0.979598320959038
1604559040.60764 50.9321708679199 9.14601993560791 -2.2391209602356 0.0224475218875471 -0.0207757506250316 0.194795298452795 0.980366905116529
1604559041.0085 51.465015411377 9.3255729675293 -2.24106550216675 0.021849167997582 -0.0204832752528849 0.191110506441107 0.981111524558015
1604559041.40788 51.9616165161133 9.48744869232178 -2.25874614715576 0.0216770057138503 -0.0210749384808212 0.186471822699512 0.981995017161713
1604559041.80741 52.4396209716797 9.63505554199219 -2.26647305488586 0.0221326251994407 -0.021253959138097 0.180929643498209 0.983017232924402
1604559042.4072 53.1443099975586 9.84262847900391 -2.28226637840271 0.0225066843629239 -0.0205884752495994 0.172713252693544 0.984499718735308
1604559042.80797 53.6351089477539 9.9705171585083 -2.29805374145508 0.0229093813590231 -0.0194797328069278 0.167001974425141 0.985497864428748
1604559043.20744 54.1588287353516 10.1079759597778 -2.31243991851807 0.0238234476817623 -0.0196942916074589 0.159796671222184 0.986665901957164
1604559043.60823 54.7428588867188 10.2574872970581 -2.31727337837219 0.0220216654371604 -0.0188165264988385 0.152402920272388 0.987893888266518
1604559044.00774 55.3778686523438 10.408127784729 -2.34913229942322 0.0216367988877154 -0.0166959487145015 0.144797369525396 0.98908382658344
1604559044.40895 56.0275039672852 10.5511951446533 -2.37168145179749 0.0200790170979233 -0.015649108226218 0.136489988090528 0.990314304468613
1604559044.80791 56.7063331604004 10.6773443222046 -2.39440441131592 0.0205099957135565 -0.0152161070605639 0.126110756349469 0.991687393937584
1604559045.2092 57.3897743225098 10.7929039001465 -2.41952872276306 0.0192883130251896 -0.0151924118144594 0.115145662221366 0.993045128921896
1604559045.60818 58.0784912109375 10.9057455062866 -2.47972345352173 0.0172231993856938 -0.0159591963503646 0.104045895596123 0.994295286655012
1604559046.00831 58.8052177429199 10.9839019775391 -2.49815964698792 0.018452172065721 -0.0157661003954862 0.0930967259331919 0.995361214356324
1604559046.40843 59.5375137329102 11.0651550292969 -2.51212620735168 0.0168879269826906 -0.0166756942886011 0.0833868708337867 0.996234585283391
1604559046.8085 60.2811431884766 11.1453495025635 -2.54348087310791 0.0152725925647265 -0.0168771043684141 0.0754262955396128 0.996891561407589
1604559047.20736 61.0802307128906 11.2236270904541 -2.56315016746521 0.0113056848684245 -0.0143146578380139 0.0694884042210021 0.997415978285617
1604559047.60811 61.868896484375 11.2716999053955 -2.61730766296387 0.0147360066707934 -0.0155910975827697 0.0641537361934654 0.997709409555699
1604559048.00759 62.6629600524902 11.3087539672852 -2.62967610359192 0.0145662948900248 -0.0178136772687605 0.0588544430103491 0.998001327901563
1604559048.40837 63.4841117858887 11.390772819519 -2.69291234016418 0.00757234961259162 -0.00356389774409909 0.0591947322034717 0.99821137132051
1604559048.80784 64.2753448486328 11.4399747848511 -2.75415849685669 0.0183005721099556 -0.0127824117946427 0.0580200753151418 0.998065814397821
1604559049.20727 65.0790481567383 11.497386932373 -2.77093124389648 0.0164431179222277 -0.0137240754062588 0.0568844060900241 0.998151009602768
1604559049.60817 65.8785095214844 11.5175008773804 -2.7447555065155 0.0251312131111701 0.0015234775787826 0.0551215158137052 0.998162171011318
1604559050.00887 66.6398849487305 11.5952463150024 -2.83911991119385 0.0146828533951078 -0.0156256309958883 0.0533537204506421 0.998345448222324
1604559050.40832 67.424186706543 11.6389036178589 -2.89914846420288 0.0143724381374778 -0.0162047934609885 0.0523378481268006 0.998394504864849
1604559050.80814 68.2508316040039 11.6816987991333 -2.92509651184082 0.0154912834986534 -0.0165882646180105 0.0507835455069704 0.998451742007729
1604559051.2086 69.0881958007812 11.7444515228271 -2.94221615791321 0.0123759415481471 -0.0136143030927104 0.0514933400328698 0.998503842132996
1604559051.6086 69.885856628418 11.7788801193237 -3.00873398780823 0.0150406930852719 -0.0143935923266983 0.0547181006506138 0.998284794791865
1604559052.00883 70.6788177490234 11.8611259460449 -3.04043817520142 0.00944514341235979 -0.0149596838504903 0.0578858867306454 0.998166429631061
1604559052.40846 71.5029525756836 11.9264516830444 -3.09717178344727 0.0087531565792179 -0.0180290216651133 0.0612136966172601 0.997923453965357
1604559052.80773 72.4021606445312 11.9818286895752 -3.12563633918762 0.0206770180299325 -0.0135392619932447 0.0634697496434682 0.997677673494934
1604559053.20911 73.2773742675781 12.0968227386475 -3.15145683288574 0.00911139699737755 -0.0167212416143556 0.0656628011905709 0.997660152087592
1604559053.60798 74.2087554931641 12.1564655303955 -3.23886513710022 0.0177809708198115 -0.0147659782410993 0.0673238105891987 0.997463436668752
1604559054.00745 75.1286315917969 12.2479400634766 -3.26833653450012 0.0214218790757672 -0.0135418903189832 0.0682283591503786 0.997347788542742
1604559054.40825 76.0818328857422 12.3627405166626 -3.34328031539917 0.0276489739490967 -0.010771705282351 0.0665901061096047 0.997339090968154
1604559054.80771 76.9831466674805 12.4097452163696 -3.43443942070007 0.0123463490311434 -0.0053408874483712 0.0662852205460031 0.997710034090082
1604559055.2085 77.8693008422852 12.4817543029785 -3.36547350883484 0.00916785786815119 -0.0101841824313807 0.0646010898553797 0.997817083437546
1604559055.60796 78.7343902587891 12.5658826828003 -3.43897914886475 0.0113958839003913 -0.010953457413938 0.0647914159586431 0.997773635660356
1604559056.0074 79.5945739746094 12.6408281326294 -3.39911913871765 0.016623811190944 -0.00561802511630598 0.0656863603817916 0.99768601711915
1604559056.40821 80.4084701538086 12.713077545166 -3.46461772918701 0.014874887148522 -0.0107675883151258 0.066391259461023 0.997624677642536
1604559056.80769 81.2174682617188 12.8082714080811 -3.52509260177612 0.0136408573958454 -0.0158163597581886 0.0694520872766254 0.997366621331607
1604559057.20844 82.0266876220703 12.9028406143188 -3.57026863098145 0.0112672041869749 -0.0163867628473209 0.0714555591901793 0.997245520006991
1604559057.6079 82.8579254150391 12.9761781692505 -3.61327648162842 0.0149947583928653 -0.0152959451306144 0.0734972285104347 0.997065368310717
1604559058.00734 83.6977081298828 13.0813817977905 -3.65984296798706 0.0136507932897105 -0.0158897751473933 0.0753395558336096 0.996937872796054
1604559058.40813 84.5874557495117 13.1845798492432 -3.68291234970093 0.0115292985559987 -0.0151122375180149 0.0773837215821495 0.996820171939805
1604559058.80776 85.4998245239258 13.2950429916382 -3.69874787330627 0.0138014436458034 -0.016731206838709 0.079410495973988 0.996606020451501
1604559059.20842 86.430061340332 13.4062528610229 -3.75038647651672 0.0159221130341441 -0.0181711321282196 0.0833954280106768 0.996223618903217
1604559059.6083 87.4285659790039 13.5382089614868 -3.7814998626709 0.0182328805782452 -0.0199973674713577 0.0885946432773475 0.995700083630907
1604559059.80827 87.9317169189453 13.6262998580933 -3.797208070755 0.0161515072158183 -0.019425443711569 0.0920972232989585 0.995429496454615
1604559060.00729 88.4572525024414 13.7127380371094 -3.81472730636597 0.0151580321164567 -0.0190558022133027 0.0970833135869412 0.994978361919164
1604559060.20771 88.9838562011719 13.7992916107178 -3.83605718612671 0.0176480645660827 -0.017542191839325 0.101921108229308 0.994481224066022
1604559060.40811 89.5066299438477 13.9019403457642 -3.88102030754089 0.0182666092656075 -0.0184264157825562 0.108211252851466 0.993789274918814
1604559060.60852 90.0414047241211 14.0001668930054 -3.88247680664062 0.0200452620407176 -0.0204333856462619 0.114540898154256 0.993006065878133
1604559060.80755 90.5988922119141 14.111421585083 -3.9094717502594 0.0233410072359247 -0.0192057150814672 0.120242337768323 0.992284292981316
1604559061.00796 91.1413421630859 14.2379016876221 -3.91717433929443 0.0221695594414641 -0.0195288592009354 0.127483725632223 0.991400541653781
1604559061.20848 91.6940155029297 14.3601732254028 -3.92469716072083 0.0276161420148487 -0.018877714306962 0.133804134406898 0.990443049457353
1604559061.40741 92.2482528686523 14.5019226074219 -3.94580864906311 0.0284209251921569 -0.0170587397614359 0.140957210451943 0.989460618332322
1604559061.60783 92.8060684204102 14.6508903503418 -3.96303081512451 0.0297243119573104 -0.0143126999750251 0.147989321892755 0.988438552720305
1604559061.8082 93.3341445922852 14.807767868042 -4.00564002990723 0.0288503303459381 -0.0191798311009486 0.155327601004155 0.987255351408218
1604559062.0086 93.8724822998047 14.9542407989502 -3.988694190979 0.0274428119944935 -0.0187713518076743 0.161058478630567 0.986384658681569
1604559062.20771 94.3917007446289 15.1143474578857 -3.99342918395996 0.0316921191411051 -0.0193077572987482 0.168202350075206 0.985053698801043
1604559062.40807 94.8894500732422 15.2848072052002 -4.02867984771729 0.0335623101683044 -0.0183215500921443 0.17623653729767 0.983604887675796
1604559062.60847 95.3697738647461 15.4672355651855 -4.04843521118164 0.0347748391070816 -0.0215523785610772 0.185633845882739 0.981766917759109
1604559062.80751 95.8405380249023 15.6685762405396 -4.02352666854858 0.0310906541714926 -0.0231908800455022 0.194673154297011 0.980100973013473
1604559063.00791 96.3082656860352 15.8653907775879 -4.01013422012329 0.0305589414712811 -0.0239456241594375 0.2032792677026 0.978350804927386
1604559063.40737 97.2283477783203 16.2721347808838 -4.04292392730713 0.0304792666977841 -0.0263025679346202 0.220912437981354 0.974462356362084
1604559063.60775 97.7026214599609 16.4847526550293 -4.05081272125244 0.0327914158926734 -0.0248484175983427 0.229633229914373 0.972407249513137
1604559063.80818 98.1486968994141 16.7330799102783 -4.05691242218018 0.0276999249382871 -0.0240417734167631 0.239356682398579 0.970238674698415
1604559064.20763 99.0257720947266 17.2285423278809 -4.08713960647583 0.0258778753558369 -0.022735098408608 0.258727462946396 0.965335978188289
1604559064.60842 99.8660888671875 17.7162704467773 -4.06579113006592 0.0329486982560813 -0.0261701625980885 0.278808448426614 0.959424491535818
1604559064.80747 100.288818359375 17.9932422637939 -4.06961345672607 0.0326483931915991 -0.0272850348100567 0.289577021721044 0.956208532585121
1604559065.20826 101.092140197754 18.5568828582764 -4.05284357070923 0.0318105390421238 -0.0299212363228376 0.309072461589259 0.950035274455595
1604559065.40733 101.496063232422 18.8528594970703 -4.0697979927063 0.033544343912413 -0.0301628773521298 0.318846194757242 0.946732317981251
1604559065.80809 102.267021179199 19.4602699279785 -4.07238864898682 0.0351207771864364 -0.0313045879213762 0.337656973081099 0.94009272006255
1604559066.20892 103.002151489258 20.0770893096924 -4.05711460113525 0.0323651771787106 -0.0336861278435476 0.353779554740759 0.93416153139836
1604559066.60838 103.708847045898 20.6925621032715 -4.03228521347046 0.0344107713555269 -0.0339105038863349 0.367439550414095 0.928791770706643
1604559067.00784 104.378761291504 21.3198833465576 -4.02560901641846 0.0326870606584094 -0.0345495245799784 0.380974094035689 0.923361590110016
1604559067.40862 105.018905639648 21.9516410827637 -3.99879169464111 0.0321332754290905 -0.0351271765908885 0.392856455997928 0.91836666917724
1604559067.80809 105.612617492676 22.5631694793701 -3.97529053688049 0.031332266945769 -0.034185622933493 0.401862415675476 0.914525139676411
1604559068.20751 106.110046386719 23.089656829834 -3.94861197471619 0.0323751493361739 -0.0331677743788848 0.408572001637927 0.911548500040337
1604559068.60829 106.515266418457 23.5196685791016 -3.94728684425354 0.0332897260533507 -0.0343639038624821 0.414340645703603 0.908863436148987
1604559069.00776 106.896286010742 23.942253112793 -3.93281555175781 0.0328322069988933 -0.0355511797704155 0.41844663932673 0.906951249978012
1604559069.40858 107.258186340332 24.3628330230713 -3.92512440681458 0.0317545555824076 -0.0365393199461189 0.422093709570448 0.905258762254582
1604559069.808 107.62190246582 24.7730941772461 -3.91826367378235 0.0309509198311894 -0.0367538080643246 0.425045094722827 0.903895937376885
1604559070.20882 107.99047088623 25.1904163360596 -3.91199612617493 0.0308656768651814 -0.0378980336059815 0.42705160230587 0.902905298471796
1604559070.60828 108.383003234863 25.6390399932861 -3.90069222450256 0.029801066092313 -0.0385170404086484 0.427430463258197 0.902735583178598
1604559071.00774 108.801292419434 26.1038131713867 -3.88403654098511 0.0301341285626647 -0.0383036491544785 0.423737889434964 0.904472755706009
1604559071.40852 109.243392944336 26.5694007873535 -3.86273407936096 0.0294589552194305 -0.0389988125394814 0.418107659713533 0.907081720390595
1604559071.80799 109.711639404297 27.0372753143311 -3.8578999042511 0.0303546296531852 -0.0387836833801255 0.411894670454844 0.9098995564418
1604559072.20877 110.191856384277 27.5118827819824 -3.8436119556427 0.0311707145570676 -0.0386075144157642 0.405856946834696 0.91258861766442
1604559072.60823 110.676849365234 27.995849609375 -3.83108234405518 0.0298619169205138 -0.0408854193902039 0.401258642349213 0.914564459368057
1604559073.00771 111.153373718262 28.4709072113037 -3.82590699195862 0.0295273235119316 -0.0423833049884163 0.401271368508738 0.914501548079392
1604559073.40848 111.647163391113 28.9694328308105 -3.80443429946899 0.0316126295064327 -0.0421934241665412 0.405811269192015 0.912434967770064
1604559073.80793 112.150192260742 29.4870891571045 -3.79406571388245 0.0346083065831408 -0.0422242798079377 0.415086257593927 0.90814248555324
1604559074.20793 112.648727416992 30.0615749359131 -3.76098799705505 0.0334511054562592 -0.0420469109534439 0.425512215322619 0.903356206285353
1604559074.60819 113.157531738281 30.6758327484131 -3.72225332260132 0.0327095503102194 -0.0419298650769048 0.435855204072136 0.898444329280547
1604559075.00764 113.671699523926 31.3224182128906 -3.69849252700806 0.0316936855657702 -0.0423216436237744 0.446079553599432 0.893430143120754
1604559075.40845 114.214088439941 32.024715423584 -3.68319535255432 0.0336909610950288 -0.042298546141592 0.455207719116009 0.888741629829503
1604559075.8079 114.783622741699 32.767219543457 -3.63143301010132 0.0345078860647815 -0.0395753854693983 0.461469477903401 0.885600878289905
1604559076.20736 115.307228088379 33.4893074035645 -3.5795476436615 0.0368992130500957 -0.0466856317578014 0.46233092290503 0.884708436485965
1604559076.60812 115.887496948242 34.2427101135254 -3.57722187042236 0.0356582980874801 -0.0461488148592357 0.462021166899004 0.884949271993528
1604559077.0076 116.496917724609 35.0076026916504 -3.54915022850037 0.0351650324275077 -0.0392805536081955 0.456362429422493 0.888230708551672
1604559077.208 116.815116882324 35.3996162414551 -3.54192662239075 0.0260288302653965 -0.0342432061037013 0.454011252649744 0.889957125539295
1604559077.4084 117.148704528809 35.7947731018066 -3.54286098480225 0.0246260541747919 -0.0190303482878812 0.451636783141698 0.89165891427902
1604559077.60744 117.496925354004 36.1851005554199 -3.57609748840332 0.0228433802663737 0.000627667018628132 0.448700390253709 0.893390030053106
1604559078.00823 118.117553710938 36.9308471679688 -3.55233120918274 0.0219809177591501 -0.00392822915708046 0.442525745254654 0.896477759376644
1604559078.20865 118.458068847656 37.3007545471191 -3.55676817893982 0.0250243948872989 -0.0048820359409994 0.439602093699036 0.897830688159532
1604559078.4077 118.793846130371 37.6708526611328 -3.57909655570984 0.0286985910922068 -0.00519156215048451 0.436977072074887 0.89899970913934
1604559078.80849 119.448631286621 38.4168434143066 -3.6908278465271 0.038457772455398 -0.0293307346070874 0.432432016231919 0.900368401868244
1604559079.00755 119.831504821777 38.8309020996094 -3.65846395492554 0.036986513171344 -0.0187058587176987 0.431010319658569 0.90139458232279
1604559079.20801 120.188613891602 39.2217712402344 -3.65746307373047 0.0405914300503896 -0.019034559768545 0.429735388204071 0.901841181952775
1604559079.40834 120.549896240234 39.6249122619629 -3.64596009254456 0.0394440446489341 -0.018899611112501 0.428588861014068 0.902440336119897
1604559079.60743 120.918182373047 40.028491973877 -3.67189693450928 0.0393801426036375 -0.0156182740812778 0.427769787112979 0.902894392006372
1604559079.80781 121.281433105469 40.4266891479492 -3.69823360443115 0.0396669591774934 -0.0147387563639022 0.426591429320821 0.903453957786713
1604559080.0082 121.648246765137 40.8349113464355 -3.70559120178223 0.038038342925278 -0.0152742743818152 0.425762659794133 0.903905934561021
1604559080.20861 122.032791137695 41.2511901855469 -3.72381639480591 0.0388739446946055 -0.0121307647142364 0.424766072616257 0.904386778168218
1604559080.40769 122.412376403809 41.6596031188965 -3.72800254821777 0.0376257892447382 -0.00937188189572753 0.423850532783465 0.904901759127816
1604559080.60807 122.781524658203 42.0760726928711 -3.7323682308197 0.0365297942909068 -0.0124415795193779 0.423104407689563 0.905258770419702
1604559080.80845 123.150947570801 42.4860534667969 -3.74201250076294 0.0362906410611361 -0.0129601535528234 0.423000225103558 0.905309799656227
1604559081.00752 123.522918701172 42.9133644104004 -3.75093793869019 0.0341332117071987 -0.0123907269046965 0.42449776340641 0.904700526477287
1604559081.20789 123.895454406738 43.3383979797363 -3.74997496604919 0.0335976363702968 -0.0141672851438066 0.425525196971757 0.904211697338699
1604559081.40836 124.265731811523 43.7675819396973 -3.76340913772583 0.032629746357534 -0.0134178133380983 0.429264009906514 0.902489707274741
1604559081.60737 124.621681213379 44.2107391357422 -3.77440524101257 0.0316264457337496 -0.0130947287774769 0.43551686670602 0.899529518594618
1604559081.80774 124.967063903809 44.6622657775879 -3.78280591964722 0.0290250474479541 -0.0139993781006088 0.44508728895786 0.894907184707768
1604559082.00838 125.297096252441 45.1249618530273 -3.79178953170776 0.0276948851756691 -0.0143063007375167 0.455795398152107 0.889538575958163
1604559082.20855 125.608268737793 45.5880470275879 -3.79795241355896 0.0252420659714432 -0.0153328980666057 0.467550943383979 0.88347261173345
1604559082.40763 125.909950256348 46.0581321716309 -3.80125784873962 0.0255857337238924 -0.0146438482554605 0.480350998761997 0.876580769767643
1604559082.60801 126.186065673828 46.5453681945801 -3.8170862197876 0.0241150123279228 -0.0181569027128083 0.49484572409895 0.868456390618025
1604559082.80839 126.442329406738 47.0391807556152 -3.82756090164185 0.0217692381250289 -0.0176164480746042 0.510414432448156 0.859472435961339
1604559083.00748 126.682632446289 47.5418090820312 -3.82027339935303 0.0218876321578673 -0.0176042425556775 0.528416597481544 0.848520430931743
1604559083.20789 126.915985107422 48.040153503418 -3.82262945175171 0.0270031078761145 -0.017396245720788 0.547880684361491 0.835939566298567
1604559083.40824 127.10799407959 48.5502395629883 -3.83602142333984 0.0310171826220199 -0.0153097546773703 0.567562407110196 0.822603464513244
1604559083.60866 127.245475769043 49.0806732177734 -3.81309390068054 0.0273458472624987 -0.0211537015069412 0.587066571520356 0.808800077987994
1604559083.80771 127.366989135742 49.5921974182129 -3.79854607582092 0.0264660484225199 -0.0246081367677984 0.603900978410964 0.796239660001934
1604559084.00813 127.491737365723 50.1144676208496 -3.80204081535339 0.0318306344295552 -0.0261859820959605 0.619558597321104 0.783867494886086
1604559084.20851 127.591667175293 50.6231155395508 -3.82075190544128 0.0305846120905262 -0.0317241218672936 0.633712091871776 0.772312855137424
1604559084.40755 127.687644958496 51.1528091430664 -3.79882574081421 0.0298762200990445 -0.0305088202760609 0.645921883511613 0.762208333566858
1604559084.60799 127.764389038086 51.677433013916 -3.7989661693573 0.030755456768375 -0.0282441277535593 0.657391866056285 0.752391058937734
1604559084.80841 127.827529907227 52.1860733032227 -3.78872752189636 0.0315265694500438 -0.0299198371521582 0.666603118294761 0.7441445836954
1604559085.00746 127.883094787598 52.7014122009277 -3.77840542793274 0.034412009293999 -0.0278527221617241 0.675066649113194 0.736427225691456
1604559085.20783 127.91569519043 53.2114791870117 -3.75973391532898 0.0353369652588397 -0.0281548353387937 0.68280285119871 0.729204272154417
1604559085.40823 127.931648254395 53.7151985168457 -3.76605749130249 0.0313009699696326 -0.0312115978763089 0.689833298531393 0.722617537618805
1604559085.60728 127.966331481934 54.2427291870117 -3.76021862030029 0.0345533625221423 -0.0309418870660842 0.697185773891475 0.715388468908011
1604559085.80766 127.980758666992 54.7719802856445 -3.74090027809143 0.034518083743318 -0.0309473161078103 0.704310637141996 0.708376518476614
1604559086.00808 127.98136138916 55.3112449645996 -3.70612025260925 0.035748014282396 -0.0317974437189566 0.710805239128545 0.701759869239626
1604559086.20853 127.981140136719 55.8313636779785 -3.69980597496033 0.0383155390920413 -0.0328798135129413 0.716687834329407 0.695564077171662
1604559086.40753 127.974876403809 56.3797988891602 -3.67997550964355 0.0429242612647402 -0.034431212335568 0.722257617525092 0.68943160163932
1604559086.60797 127.94783782959 56.9172058105469 -3.67387199401855 0.0423416290587096 -0.0415305106606979 0.727149688511467 0.683912080336788
1604559086.80832 127.909843444824 57.4420013427734 -3.64520239830017 0.0429622747362676 -0.0458383698330643 0.730515412308481 0.680000234691359
1604559087.00871 127.882019042969 57.9975776672363 -3.61841416358948 0.0439073986869238 -0.0510352348780119 0.733382587436703 0.676474334757898
1604559087.20778 127.861663818359 58.5493583679199 -3.5839672088623 0.0446825340483959 -0.0500621139487709 0.73606314412673 0.673578728699376
1604559087.40817 127.827140808105 59.0969085693359 -3.56408643722534 0.0457019439274385 -0.0493145626671472 0.738642019425327 0.670736441062714
1604559087.60857 127.788856506348 59.6628684997559 -3.51996779441833 0.0462547218112338 -0.0491988598261771 0.740930238378991 0.668178385431332
1604559087.80763 127.73388671875 60.2516899108887 -3.4854850769043 0.043037771769189 -0.0504727806418299 0.743140889462006 0.665839220101252
1604559088.00802 127.678436279297 60.846004486084 -3.44820117950439 0.0396148780270623 -0.0541909372041566 0.744484870604766 0.664256186425419
1604559088.20839 127.648735046387 61.4397239685059 -3.41893124580383 0.0410467092129604 -0.0537842800793588 0.744392972930056 0.664305291813549
1604559088.40749 127.596038818359 62.0422668457031 -3.37302780151367 0.039628260033833 -0.0536553659639257 0.743779460612555 0.665088578071271
1604559088.60788 127.559005737305 62.6389656066895 -3.31628584861755 0.0424589343635818 -0.0515234069115187 0.742782557067841 0.666195654705657
1604559088.80835 127.527565002441 63.2314262390137 -3.29633569717407 0.0464950874901946 -0.0491895524430698 0.742274813606723 0.66666835522232
1604559089.00867 127.478889465332 63.8213844299316 -3.25723719596863 0.042230040702896 -0.0538682848038792 0.74214547433171 0.666734524742405
1604559089.20771 127.436630249023 64.4121780395508 -3.21694469451904 0.042115990293648 -0.0541978778146048 0.741631635748252 0.667286557829057
1604559089.40812 127.397415161133 64.9999923706055 -3.18545651435852 0.0391642133404759 -0.0563598484007158 0.741875834589447 0.667015725402244
1604559089.60856 127.375312805176 65.5780715942383 -3.14208889007568 0.0422056407502084 -0.0525782352825141 0.741924459633811 0.667084934068008
1604559089.80759 127.332336425781 66.1705169677734 -3.13940262794495 0.0393143567503031 -0.0525985920114958 0.74324079957817 0.665793423904232
1604559090.00799 127.269882202148 66.7509307861328 -3.09212779998779 0.0333073368172172 -0.0557805163923116 0.743629240468909 0.665428214028219
1604559090.20955 127.236389160156 67.3240051269531 -3.06036758422852 0.0338220385522577 -0.0535985757578429 0.744232145336285 0.664907344096192
1604559090.40752 127.189239501953 67.922737121582 -3.0122492313385 0.0305397872997642 -0.0547669294364545 0.744590233228278 0.664570003395313
1604559090.60785 127.14835357666 68.5447540283203 -2.99516820907593 0.0271425758792072 -0.0525452645477446 0.744395102015846 0.665115183891532
1604559090.80823 127.090629577637 69.1656036376953 -2.98639011383057 0.0213153810344919 -0.053171902875593 0.743924167973213 0.665804202135512
1604559091.00868 127.061378479004 69.7962112426758 -2.96463751792908 0.020339111422635 -0.0516399133662604 0.74375506592526 0.666144159926795
1604559091.20769 127.027770996094 70.4059295654297 -2.9424159526825 0.021937246424686 -0.0463108429275532 0.7438182232765 0.666414671033309
1604559091.40805 126.982864379883 71.0259780883789 -2.90959620475769 0.0184294027807327 -0.0458642361533495 0.744758718044142 0.665500774494261
1604559091.60846 126.928833007812 71.6532135009766 -2.87880921363831 0.0147730952365742 -0.0450154997053935 0.745180047556983 0.66517821459093
1604559091.80753 126.882217407227 72.2823257446289 -2.86769938468933 0.0125465539069897 -0.0443233699582235 0.745702470669316 0.664684773481598
1604559092.00794 126.840431213379 72.9280471801758 -2.88289570808411 0.0118491288279023 -0.0399932413261914 0.745445646383569 0.665260044705849
1604559092.20838 126.796058654785 73.5818862915039 -2.86567807197571 0.00907265265489206 -0.0398551229422605 0.745134116356147 0.665660878218936
1604559092.40776 126.767990112305 74.2264022827148 -2.88602757453918 0.0152854104406798 -0.0369775164626916 0.744418522732231 0.666513377597985
1604559092.60779 126.70817565918 74.8872833251953 -2.90984392166138 0.0119367469829111 -0.041662356115838 0.744082793300486 0.666680252346273
1604559092.80819 126.658050537109 75.577522277832 -2.8755624294281 0.0103585491995801 -0.044053361831077 0.743129988649321 0.667615025100484
1604559093.00858 126.635124206543 76.2518768310547 -2.88022923469543 0.0154573781704543 -0.0441425605867843 0.742519904915383 0.66818911590162
1604559093.20769 126.601203918457 76.9625778198242 -2.8462553024292 0.0138030215608027 -0.0394562686378314 0.741700401266454 0.669427512298496
1604559093.40804 126.555000305176 77.6450958251953 -2.8419075012207 0.0152493358108382 -0.0416708702206291 0.741178066172946 0.669840332136335
1604559093.60841 126.502601623535 78.3398513793945 -2.83765530586243 0.0111347794552766 -0.0474479955273294 0.741225994634349 0.669483927577982
1604559093.80746 126.476951599121 79.0556869506836 -2.84783220291138 0.0129268604212147 -0.0436556726318393 0.740865004937456 0.670109038131657
1604559094.00787 126.446281433105 79.7754821777344 -2.84738349914551 0.0146063341806716 -0.0425214343856725 0.741082343910768 0.669907114578812
1604559094.20834 126.404876708984 80.5113677978516 -2.82763075828552 0.0106287000639871 -0.0410000461690287 0.740812780849386 0.670374858328746
1604559094.40869 126.361068725586 81.2400741577148 -2.8073205947876 0.00805425534943592 -0.0394494502035292 0.740530294292883 0.670815737057429
1604559094.60774 126.327201843262 81.9784469604492 -2.81081914901733 0.00870253719729454 -0.0393464650434721 0.740022509503736 0.671373820581877
1604559094.80812 126.288299560547 82.7291641235352 -2.82783603668213 0.00865195930313632 -0.0402827888167042 0.739671917394466 0.671705214467894
1604559095.00853 126.252822875977 83.469352722168 -2.83701157569885 0.00844425743357594 -0.0414527299229182 0.739282718588195 0.672065047220268
1604559095.20757 126.228034973145 84.2228775024414 -2.8352358341217 0.0114421301087153 -0.0404041151038897 0.739849807102196 0.671460235659634
1604559095.40799 126.187271118164 84.9729232788086 -2.8203809261322 0.0119953393225327 -0.0370489667249269 0.740879919275181 0.670507592137445
1604559095.60837 126.122131347656 85.69873046875 -2.81534695625305 0.0104166859708319 -0.0401298582439718 0.741637449144875 0.669518469615728
1604559095.80884 126.073699951172 86.4124145507812 -2.79935431480408 0.00899332811085697 -0.0426022160996 0.741994283652601 0.668990772925724
1604559096.00785 126.052703857422 87.1064987182617 -2.81154036521912 0.0135019743903732 -0.0376624240641996 0.742266625182179 0.668909183403718
1604559096.20824 126.006309509277 87.7883987426758 -2.80563497543335 0.0117163218479397 -0.0375013071547028 0.742519041784934 0.668671707455032
1604559096.40861 125.961540222168 88.4815292358398 -2.81205010414124 0.00944592052706086 -0.0382034543218778 0.742552532937147 0.668630695146357
1604559096.6077 125.930648803711 89.1497268676758 -2.79313945770264 0.00873696735618416 -0.0382875024033694 0.742034234695354 0.669210674676674
1604559096.80813 125.892959594727 89.8263168334961 -2.78695631027222 0.00801831746954561 -0.0381371904750366 0.742031058565036 0.669231775554987
1604559097.00847 125.841453552246 90.4731597900391 -2.80849838256836 0.00633393158481982 -0.0427668846129615 0.741699162953685 0.669337901634879
1604559097.20756 125.810806274414 91.1173400878906 -2.78923058509827 0.00635631157977566 -0.042717415237904 0.741551679432522 0.66950423932138
1604559097.40795 125.799095153809 91.7598724365234 -2.79423356056213 0.010104279561633 -0.0352984923119827 0.741559523660587 0.669881625993224
1604559097.60835 125.761596679688 92.3747787475586 -2.80752968788147 0.0138912101010476 -0.0357404705322971 0.741348724213405 0.670023672831949
1604559097.80737 125.713989257812 92.9944763183594 -2.78699374198914 0.0106517205964977 -0.0396652303423853 0.740675625395669 0.670606313939076
1604559098.00778 125.680374145508 93.6237182617188 -2.77020668983459 0.0106230183555492 -0.0389869590272808 0.740358211857001 0.67099693489816
1604559098.20817 125.648834228516 94.244010925293 -2.74824357032776 0.00916892110510308 -0.0396666328232171 0.740011659207554 0.671360732663982
1604559098.40861 125.617080688477 94.8680953979492 -2.76400351524353 0.00732841834483609 -0.0392260828840745 0.739957026021906 0.671469439622497
1604559098.60765 125.581123352051 95.4999008178711 -2.74184989929199 0.00513830824255156 -0.0373196473130498 0.739634713011369 0.671953371166053
1604559098.80805 125.566421508789 96.0991058349609 -2.73791027069092 0.00975641164149835 -0.0341185094467985 0.739305721205231 0.672434227518368
1604559099.00841 125.538352966309 96.672477722168 -2.75453424453735 0.00958352352180357 -0.0347302210844627 0.739265909772221 0.67244916720075
1604559099.2075 125.508743286133 97.247428894043 -2.75884461402893 0.00905104803061877 -0.0368485923707865 0.739098400090294 0.672527928605055
1604559099.40788 125.474746704102 97.8185348510742 -2.76386904716492 0.00906296436928306 -0.0380053561420154 0.739219481982455 0.672330285677323
1604559099.60828 125.444892883301 98.3885345458984 -2.75487041473389 0.00725069487915142 -0.0386264759645998 0.739543830127624 0.671960077756477
1604559099.80734 125.423553466797 98.9092788696289 -2.72152495384216 0.0133724561306862 -0.0366213701327996 0.740041555065311 0.671430226786928
1604559100.00781 125.394309997559 99.4315032958984 -2.72376894950867 0.0200185394752663 -0.0466728858995031 0.740004242256845 0.670682205847868
1604559100.20815 125.360656738281 99.9543838500977 -2.71523857116699 0.0198740483471075 -0.0476194652109457 0.740119617103835 0.670492625696505
1604559100.40853 125.329635620117 100.465751647949 -2.71370816230774 0.0215295320332463 -0.0489661427643073 0.740134250102654 0.670328343379718
1604559100.60758 125.29621887207 101.005577087402 -2.72276830673218 0.0207974431918408 -0.048760077722477 0.740254206245929 0.670234012351202
1604559100.80801 125.261047363281 101.573303222656 -2.7377564907074 0.0162406275123753 -0.0485896453425255 0.740969837537874 0.669581203621031
1604559101.00838 125.225723266602 102.171997070312 -2.71128845214844 0.00275739727510121 -0.0378336008933851 0.741440276394195 0.669945767912752
1604559101.20748 125.202423095703 102.755699157715 -2.69593000411987 0.000140537654285485 -0.0229642670136391 0.7418896061864 0.67012867042254
1604559101.40784 125.163162231445 103.31632232666 -2.68472504615784 -0.000305821908996827 -0.0259025942464783 0.742190005315483 0.669688702378997
1604559101.60828 125.132934570312 103.885398864746 -2.68700766563416 -0.00144615531314402 -0.0285588492787277 0.742451937999654 0.669288742265432
1604559101.80863 125.093437194824 104.487892150879 -2.68884992599487 0.00132600306492368 -0.0295467844765433 0.741969953297912 0.669780424949895
1604559102.00775 125.051742553711 105.078536987305 -2.69298315048218 0.00319226406638008 -0.0349730165789317 0.742075692007668 0.669395522014333
1604559102.20808 125.019424438477 105.677879333496 -2.76667881011963 0.0153452034031583 -0.0414791541600946 0.741822308545737 0.669136508529128
1604559102.40849 124.977592468262 106.330940246582 -2.73030972480774 0.00747714324270989 -0.0394352591288066 0.74210831073753 0.669077131428553
1604559102.60755 124.93717956543 106.948104858398 -2.73928761482239 0.00943185867843587 -0.0439959931419411 0.74216242078025 0.668707958537151
1604559102.80796 124.916877746582 107.59326171875 -2.72247219085693 0.0115772901884508 -0.0404558506064082 0.742007074738881 0.669070094639608
1604559103.00833 124.87638092041 108.230560302734 -2.73818802833557 0.00964670344727028 -0.0419998427870513 0.74238731014148 0.668583604390178
1604559103.20878 124.828895568848 108.89527130127 -2.73070120811462 0.00776924722003375 -0.0419392170233855 0.741886472617323 0.669167544506251
1604559103.4078 124.781524658203 109.535919189453 -2.73316526412964 0.0060159930208592 -0.043558872374214 0.741824394425927 0.669150954792763
1604559103.6082 124.753509521484 110.229965209961 -2.71098017692566 0.00746982061006055 -0.0394954888141659 0.741976099328185 0.669220274774393
1604559103.8086 124.735908508301 110.909606933594 -2.72805261611938 0.0118926977744353 -0.0340961953712871 0.742079267167538 0.669338759105536
1604559104.00768 124.690040588379 111.594451904297 -2.72945189476013 0.00800308105407618 -0.0354890858181282 0.742268096950605 0.669114749299971
1604559104.20806 124.646713256836 112.288597106934 -2.7417733669281 0.00633909516441898 -0.0357672102784225 0.741967223827013 0.669451388308241
1604559104.40843 124.612815856934 112.999542236328 -2.74712753295898 0.00374990971949023 -0.034348175790946 0.741858499730623 0.669665668355754
1604559104.60753 124.584396362305 113.735633850098 -2.75304698944092 0.00386221838705032 -0.0299702077458513 0.741681140811238 0.670071604592928
1604559104.80792 124.540336608887 114.464416503906 -2.7637414932251 0.000116521047759133 -0.0300341037866548 0.741435754510447 0.670351371271889
1604559105.00829 124.499084472656 115.193519592285 -2.76291871070862 -0.00190810729005187 -0.0305441177868164 0.741277064252785 0.670501103659023
1604559105.2087 124.464027404785 115.94066619873 -2.76393604278564 -0.000111150188421189 -0.0281302893776936 0.741505608819138 0.670356700984575
1604559105.40776 124.420928955078 116.693222045898 -2.78563642501831 0.00243962241619692 -0.0278164434782553 0.741997269819505 0.669821129328635
1604559105.60817 124.367393493652 117.456283569336 -2.82453751564026 -5.12820795070795e-05 -0.0285737038571642 0.742728410317576 0.668982846809362
1604559105.80856 124.308067321777 118.221839904785 -2.81775617599487 -0.00531150131315692 -0.0291836705150437 0.743911523277135 0.667619462616664
1604559106.0076 124.261161804199 118.986885070801 -2.83936762809753 -0.000944475196568404 -0.0255704570062467 0.745363090006826 0.666167489262701
1604559106.208 124.206924438477 119.775665283203 -2.85608124732971 -0.00195531608104951 -0.021448707883006 0.746556489781838 0.664973335731436
1604559106.40842 124.1376953125 120.527236938477 -2.89086627960205 -0.00332756663038572 -0.0245439713631602 0.74707701710309 0.664275884920109
1604559106.60753 124.079498291016 121.287101745605 -2.91595935821533 -0.00362068645517454 -0.029162556860793 0.74788948947255 0.663172486946965
1604559106.80783 124.023338317871 122.06428527832 -2.91849803924561 -0.000783325781108263 -0.0295124928602796 0.747431939757673 0.663682073432736
1604559107.00826 123.971130371094 122.845039367676 -2.97175526618958 -0.000141692730307511 -0.0331806540383779 0.747575948400334 0.663346987250335
1604559107.20866 123.911834716797 123.633178710938 -2.97585272789001 -0.000301925985627312 -0.0317725260636542 0.747300129538953 0.663726548978792
1604559107.4077 123.85905456543 124.410545349121 -2.98416209220886 -0.000421723602969971 -0.0320594707619013 0.74686132560687 0.6642064233327
1604559107.60811 123.81086730957 125.237762451172 -2.98533248901367 0.00334417331665 -0.0288540018440631 0.74603268744814 0.66527550108306
1604559107.80851 123.75 126.024147033691 -2.99295043945312 0.00442864431806356 -0.0318132061614783 0.745176366600663 0.666093454166205
1604559108.00756 123.696670532227 126.818000793457 -2.99662923812866 0.0133859690639182 -0.0393761839471593 0.744175800815846 0.666687865083858
1604559108.20795 123.66796875 127.587730407715 -3.0114414691925 0.0264320297740544 -0.0447176262793512 0.743380802566264 0.666848306646947
1604559108.40834 123.627471923828 128.346649169922 -3.00098013877869 0.0344622648325813 -0.0507853514833288 0.742449519438111 0.6670846359072
1604559108.60743 123.585807800293 129.095550537109 -2.98182010650635 0.0371661484928665 -0.0581144732905034 0.742107306243443 0.666721929608194
1604559108.80784 123.533676147461 129.873031616211 -2.91948628425598 0.0311217835386407 -0.0562438452254146 0.742173375977566 0.667118238735605
1604559109.00822 123.499084472656 130.599304199219 -2.87943911552429 0.0333036926998889 -0.0535025824917528 0.742193333394129 0.667216152071108
1604559109.20865 123.458518981934 131.311462402344 -2.8245222568512 0.032477628203019 -0.0522166098630375 0.742823010092392 0.666657787022695
1604559109.40766 123.410919189453 132.026931762695 -2.78837966918945 0.0332442460923986 -0.0514139200114114 0.742523139459134 0.66701635384641
1604559109.60809 123.357528686523 132.725738525391 -2.74763512611389 0.0326097657288412 -0.0551136832277411 0.742354710776373 0.666939703787613
1604559109.80846 123.318862915039 133.391036987305 -2.70371150970459 0.0322549515879214 -0.0542028414423748 0.742080686886433 0.667336440056883
1604559110.00798 123.283584594727 134.067413330078 -2.67412686347961 0.0314922722518624 -0.0557928780490943 0.741969329492104 0.66736564613445
1604559110.2079 123.243690490723 134.719421386719 -2.64168000221252 0.0319018885247111 -0.0547352588007793 0.741913901064208 0.667495381527286
1604559110.40832 123.192886352539 135.373245239258 -2.59578275680542 0.0276220911400352 -0.0557409842900581 0.741712920273097 0.667826254838324
1604559110.60869 123.156440734863 136.005477905273 -2.54946088790894 0.028586386186865 -0.0560752828265724 0.74130913404664 0.668205918081931
1604559110.80776 123.119285583496 136.639724731445 -2.50225377082825 0.0300856846934571 -0.0546680773081473 0.741459797393603 0.668089531237389
1604559111.00818 123.080284118652 137.281967163086 -2.46813797950745 0.0340161767394354 -0.0572379641718086 0.741186734361011 0.667988727438389
1604559111.20858 123.035789489746 137.898574829102 -2.43106913566589 0.0345453615728627 -0.0592437795356865 0.741407307106041 0.667541757158229
1604559111.40897 122.994369506836 138.527038574219 -2.40311026573181 0.0341080143470923 -0.060975078761357 0.741885121111796 0.666877162752093
1604559111.60803 122.963050842285 139.17204284668 -2.37972712516785 0.0367337246556517 -0.059636524845737 0.742213362027149 0.666493393519848
1604559111.80841 122.922302246094 139.816497802734 -2.33425211906433 0.0328761586405165 -0.0613663878165332 0.742425182271091 0.666301863549197
1604559112.00754 122.879257202148 140.436935424805 -2.27632832527161 0.033438223440576 -0.0600327649959991 0.742157919982224 0.666693013423518
1604559112.20793 122.839485168457 141.042709350586 -2.23875904083252 0.0328091586980098 -0.0596750243195746 0.742231854429569 0.666674076928172
1604559112.40827 122.804893493652 141.623001098633 -2.19053554534912 0.0328105404370721 -0.059101883803468 0.741924334505954 0.667067251208606
1604559112.60867 122.77059173584 142.200119018555 -2.16827368736267 0.030699506098759 -0.0587807981919135 0.741859391465751 0.667268312887162
1604559112.80906 122.731330871582 142.76008605957 -2.13840651512146 0.0303943444542777 -0.0594990114921469 0.741782702203497 0.667303884424728
1604559113.00813 122.712051391602 143.30305480957 -2.11269354820251 0.0302247437983111 -0.0595659096523634 0.741278283903012 0.667865909508352
1604559113.20852 122.677291870117 143.860488891602 -2.08127880096436 0.0299592659739401 -0.0582514530012992 0.740735709767344 0.668595407463295
1604559113.40889 122.647094726562 144.395355224609 -2.04121088981628 0.0301542670021639 -0.0580615696170905 0.740179871116528 0.669218449169688
1604559113.60799 122.617134094238 144.932754516602 -2.01100516319275 0.031772252093709 -0.0578171192977871 0.739763106160629 0.669625456114519
1604559113.80834 122.579986572266 145.474243164062 -1.96758472919464 0.0317577425368152 -0.058828855592955 0.739467119123903 0.669864905240738
1604559114.00877 122.558319091797 146.002090454102 -1.92874050140381 0.0316951262851095 -0.0589603541178565 0.73909716961831 0.670264477258247
1604559114.20914 122.532936096191 146.537551879883 -1.90441989898682 0.0333096868482534 -0.0582954790054147 0.739295515713381 0.670025553494557
1604559114.40823 122.507926940918 147.075317382812 -1.88004231452942 0.034397185639424 -0.0583081321552164 0.739131939826966 0.670149961480476
1604559114.60861 122.477157592773 147.604873657227 -1.84862720966339 0.0332750512463785 -0.0588247368409155 0.739340118056862 0.669931795880605
1604559114.80902 122.448440551758 148.110595703125 -1.81389832496643 0.0330916633949051 -0.0582846531863127 0.739515103820295 0.669794932974539
1604559115.00807 122.41788482666 148.621841430664 -1.77469718456268 0.0305809255047181 -0.0581567961077084 0.739665533841194 0.669759279225889
1604559115.20848 122.392967224121 149.130783081055 -1.75746595859528 0.0283359030288636 -0.0586326035050494 0.739846643478886 0.669616486161134
1604559115.60794 122.339073181152 150.093826293945 -1.73151552677155 0.0219102943848474 -0.0555844889500313 0.740460905139313 0.669438534555939
1604559116.00874 122.281471252441 150.949645996094 -1.7054328918457 0.0164294852710072 -0.0527215796235038 0.740879918180724 0.66936346919462
1604559116.4085 122.228614807129 151.727966308594 -1.65686333179474 0.0152225980892592 -0.0511037275036004 0.741262061810414 0.669094341078465
1604559116.80898 122.160926818848 152.429916381836 -1.62353599071503 0.0101670798326454 -0.0547811057218702 0.741454093799266 0.668686389671478
1604559117.20901 122.108375549316 153.050491333008 -1.60560464859009 0.00717952929949855 -0.0559567782271021 0.741363560023454 0.668728169885815
1604559117.6079 122.051498413086 153.618576049805 -1.58757877349854 0.00231503945627993 -0.0576034855938997 0.741526207201859 0.668442490475116
1604559118.20904 121.991409301758 154.315521240234 -1.56643426418304 -0.00155971840718497 -0.0587608762208095 0.74167950596262 0.668173807582501
1604559119.00801 121.930541992188 154.939544677734 -1.55794894695282 -0.00701079525187107 -0.0622601523933231 0.74178630440708 0.667703228064672
1604559119.80825 121.87678527832 155.46467590332 -1.54485750198364 -0.0107529467521197 -0.0664429874822566 0.741652783449406 0.667398570834795
1604559120.4081 121.833602905273 156.039123535156 -1.55511498451233 -0.0156765822984953 -0.0711680766887305 0.737558374310412 0.671339700980396
1604559120.80885 121.812164306641 156.538787841797 -1.56075918674469 -0.0205051388946167 -0.0758260560112785 0.729975081024556 0.678945012200458
1604559121.2087 121.816871643066 157.121246337891 -1.534832239151 -0.0249708375937626 -0.0795691809042454 0.71842979897381 0.690582237439209
1604559121.60914 121.883171081543 157.741058349609 -1.47518765926361 -0.0223817790293385 -0.0821854926119079 0.700330725420413 0.708718192093118
1604559122.00858 122.007331848145 158.363845825195 -1.49495244026184 -0.0207066928038805 -0.0872263442238574 0.677933261824194 0.729636409630767
1604559122.40806 122.164520263672 158.975952148438 -1.4650102853775 -0.0155783902520727 -0.0914747000763177 0.652056760780629 0.752470380628617
1604559122.80904 122.361389160156 159.536727905273 -1.40697288513184 -0.0108560310715418 -0.101542603553891 0.621761426699558 0.776520427626602
1604559123.20831 122.592216491699 160.015167236328 -1.35075199604034 -0.0032636369775345 -0.106290701305283 0.591331495277242 0.799386451087889
1604559123.80814 122.960472106934 160.595840454102 -1.29998135566711 0.00307215768773453 -0.108480144164953 0.550122325516296 0.828002443920086
1604559124.40801 123.322799682617 161.085754394531 -1.23321735858917 0.00907609318046997 -0.110759893418112 0.512347765272769 0.851557184199974
1604559125.00787 123.75170135498 161.54118347168 -1.1469829082489 0.0149856170660972 -0.110205549319476 0.473398982420551 0.873798358675231
1604559125.6077 124.262145996094 162.026779174805 -1.09745895862579 0.0164661801344666 -0.109237225242594 0.428251293758189 0.896881777564644
1604559126.00848 124.677543640137 162.338150024414 -1.01656877994537 0.018191294481082 -0.104505879865651 0.394355149508915 0.912815213465688
1604559126.40794 125.119010925293 162.636871337891 -0.945365071296692 0.0183028268472414 -0.101606004748179 0.359000396233156 0.92760980041877
1604559126.80874 125.586402893066 162.901321411133 -0.896300315856934 0.0171524638883966 -0.0977516483711767 0.321088753683898 0.941834603569542
1604559127.20821 126.111305236816 163.141494750977 -0.837826013565063 0.0172134679801748 -0.0951534383244386 0.28118598413559 0.954769062140596
1604559127.60766 126.712036132812 163.364837646484 -0.764627933502197 0.0178779990263455 -0.0924277855005565 0.241265460739852 0.96588221801225
1604559128.00845 127.383476257324 163.579559326172 -0.700842022895813 0.0146794961991091 -0.0898901721460752 0.204611814305425 0.974596467667276
1604559128.40791 128.159530639648 163.768402099609 -0.652333915233612 0.0144760559975401 -0.0871813802714372 0.174451859954336 0.980691796282194
1604559128.80867 128.985931396484 163.964447021484 -0.560887277126312 0.016974886837294 -0.0823715342395274 0.152803228829664 0.984671496908038
1604559129.20815 129.847854614258 164.141967773438 -0.502955257892609 0.019126846364563 -0.0810585869483909 0.136270025408588 0.987164702268684
1604559129.60759 130.768081665039 164.3203125 -0.434103429317474 0.0196837478680733 -0.0798098917042976 0.125867542185703 0.988635571421616
1604559130.00842 131.743408203125 164.510177612305 -0.367941796779633 0.0199031907325343 -0.0802006105155627 0.119039755463593 0.989444926052362
1604559130.2088 132.259262084961 164.60871887207 -0.334027498960495 0.0180680974789662 -0.0800897338660178 0.117337202052328 0.989692456977061
1604559130.40786 132.796630859375 164.707885742188 -0.29520446062088 0.0176746312050984 -0.0806186235133012 0.1147989626827 0.989954263146314
1604559130.60827 133.345031738281 164.799163818359 -0.271832287311554 0.0191279690994213 -0.0807686557506758 0.112400172009682 0.990190257666957
1604559130.80867 133.917694091797 164.89421081543 -0.233465626835823 0.0189135672244712 -0.0801813421321903 0.109641677922307 0.990551327196682
1604559131.00772 134.507736206055 164.997039794922 -0.191708922386169 0.0151284930425017 -0.0800332350652016 0.106496652721437 0.99097137846781
1604559131.20809 135.117492675781 165.090957641602 -0.14243446290493 0.0153384265757776 -0.0797374510069323 0.101861183295831 0.991479183298706
1604559131.40857 135.755477905273 165.189208984375 -0.102346107363701 0.0128814410946659 -0.0783163321611719 0.0974907855479401 0.99206661435883
1604559131.60754 136.397155761719 165.281112670898 -0.0619201324880123 0.0119684044756624 -0.078462304902554 0.0935825149748332 0.992442812908971
1604559131.80794 137.071060180664 165.359451293945 0.00623757904395461 0.0139288626295933 -0.0780508474381298 0.0896218553077078 0.992815176682569
1604559132.00837 137.754776000977 165.433944702148 0.0387686938047409 0.016556109770723 -0.0778052041932402 0.0868540620155908 0.993040088486411
