1 0 0 0 0 1 0 0 0 0 1 0
0.999618344647379 -0.0275713898138282 -0.00172728346475821 0.514756858348846 0.0275705991399674 0.999619743576722 -0.000479911108416311 0.000146568811032921 0.00173985847037204 0.000432105707765059 0.999998393087289 -0.0090505313128233
0.998264977538189 -0.0586172940042957 -0.00557202515194166 1.18864798545837 0.058609429364082 0.99827976387524 -0.00156455323061023 0.0311764124780893 0.00565414982969127 0.00123526548105481 0.999983252214203 -0.0524803064763546
0.996278057266817 -0.0856161595516582 -0.00999529050509531 1.86836516857147 0.0855926365751785 0.996326397360517 -0.00275871106189214 0.0902861207723618 0.0101947620259453 0.00189292002963643 0.99994624039545 -0.0951603278517723
0.994564637562159 -0.103267711611392 -0.0133026857963701 2.39400100708008 0.103239911008536 0.994652649757115 -0.00276172158255855 0.141445472836494 0.0135167483441844 0.00137334252701317 0.999907701462742 -0.131478399038315
0.993039696808362 -0.116672997357065 -0.0161112460869639 2.94988608360291 0.116636957983441 0.993169583783615 -0.00316194235394533 0.199433669447899 0.0163701128623304 0.0012607675435813 0.999865205850306 -0.16339598596096
0.991618678194807 -0.127902428025902 -0.0182583120869182 3.52480888366699 0.127840144081436 0.991784379160863 -0.00454343633598289 0.241750627756119 0.0186894252566028 0.00217121108607416 0.999822979944949 -0.181202501058578
0.990905870066178 -0.133218726209858 -0.0189295445115428 4.10940933227539 0.133149753736793 0.991083994350169 -0.00486407470592174 0.315051198005676 0.0194087544222416 0.00229937598847668 0.999808988318189 -0.226620689034462
0.990460135674067 -0.136388532677178 -0.0196694635075814 4.71122407913208 0.136300553307272 0.990650830455369 -0.00575250260491854 0.390485286712646 0.0202701457479036 0.0030166657511925 0.999789988407118 -0.255713641643524
0.990565067772546 -0.135557359238206 -0.0201258258249418 5.34508657455444 0.135434696644802 0.990759057541434 -0.00734389844294164 0.453463286161423 0.0209353637060011 0.00454887414352007 0.999770482806191 -0.293256163597107
0.990534472750541 -0.135731094782679 -0.0204579618218032 6.02080678939819 0.135603131260461 0.990734667210775 -0.00752396033434964 0.539754629135132 0.0212896473706177 0.00467857840053753 0.99976240268325 -0.357037842273712
0.990456445336716 -0.136249890099288 -0.0207845456743447 6.75548124313354 0.136211680612307 0.99067442542144 -0.00324975086293442 0.614551663398743 0.021033496041502 0.000387638790866193 0.999778696402579 -0.397251725196838
0.990517843576801 -0.135445366377278 -0.022999006128304 7.55172061920166 0.135411655501614 0.990784809421131 -0.0030240659129047 0.682649075984955 0.0231966616192295 -0.000118942247840929 0.99973091416764 -0.438463628292084
0.990630994763224 -0.134601809394423 -0.0230778058353083 8.39757347106934 0.134890071244667 0.990794774085936 0.0114185955182152 0.749502956867218 0.0213284058014985 -0.0144245815103038 0.999668460317829 -0.474837630987167
0.990742290061539 -0.133407880745564 -0.0251406451507319 9.26860237121582 0.133801964202256 0.990899088401068 0.0146979924326823 0.840523242950439 0.0229510143400165 -0.0179257903845427 0.999575868546182 -0.54547917842865
0.99082731711276 -0.133032190544914 -0.0237416078215305 10.1928272247314 0.133394494675453 0.990958623173949 0.0143845732461163 0.92458039522171 0.0216133397097751 -0.0174196278953973 0.999614635802506 -0.573615610599518
0.991003607522153 -0.13180010357461 -0.0232504317336573 11.1119337081909 0.132066726358228 0.991187060068417 0.010324327675464 1.00185704231262 0.0216847796184408 -0.0133020543771052 0.999676360469851 -0.580107986927032
0.991150075255438 -0.130965267708509 -0.0216708785050017 12.046781539917 0.131193880123206 0.99131139195516 0.00948103360083841 1.0974212884903 0.0202409026319972 -0.0122402138037201 0.999720202369984 -0.623065412044525
0.991218003131946 -0.130588409720565 -0.0208215636725878 12.9923896789551 0.130846773914804 0.991335148657941 0.0115648083177297 1.17496907711029 0.0191309179917201 -0.0141876806417236 0.999716318609836 -0.718848764896393
0.991530489911068 -0.128451875115639 -0.0191677686754279 13.9389934539795 0.128711089988087 0.991597441949939 0.0129602635936008 1.26099014282227 0.0173419402258515 -0.0153176009091934 0.999732278268332 -0.770504295825958
0.991791709111618 -0.126034486485984 -0.0215525857768817 14.8909721374512 0.126371029167189 0.991869113095747 0.0150341436032032 1.33771252632141 0.0194825235706494 -0.0176343614250891 0.999654670660048 -0.82841295003891
0.992533389902432 -0.12026065962752 -0.0203677115734627 15.8694591522217 0.12071214358136 0.992429993502021 0.022611642787989 1.42023611068726 0.0174942367875572 -0.0249014405915052 0.999536827703556 -0.884759366512299
0.993435727792108 -0.112293962484932 -0.0218064379392213 16.8417644500732 0.112711657709818 0.993446578955317 0.0189730592758014 1.4749481678009 0.0195329711633796 -0.0213063547189745 0.999582163849536 -0.921631634235382
0.994254876508546 -0.104938575473503 -0.0210982443953896 17.833044052124 0.105306568636376 0.994291769789948 0.017158179682152 1.52863967418671 0.0191772558257893 -0.0192813875425196 0.999630162086673 -0.99304074048996
0.994607269711746 -0.101663029472657 -0.0205184666821834 18.3310890197754 0.102121392914271 0.994513268611749 0.022684348446091 1.56453740596771 0.0180997277823565 -0.0246573922712061 0.999532096963669 -1.02235448360443
0.994975667810511 -0.0977773664918806 -0.0215175990049769 19.3356323242188 0.0982521812028532 0.994913001689774 0.022240232856813 1.62390673160553 0.0192335476162931 -0.0242426415754562 0.999521067799742 -1.06112682819366
0.99518545296619 -0.0960712011514991 -0.019396868659359 19.8638687133789 0.0963492087280967 0.995249911004575 0.0139443401727746 1.62901544570923 0.017965082297331 -0.0157460774382893 0.999714617710153 -1.09057509899139
0.995363360617532 -0.0940459302756782 -0.0201777932082656 20.3872127532959 0.094315346534657 0.995459542395966 0.012841918114595 1.64975833892822 0.0188784466580493 -0.0146854503300607 0.999713929982164 -1.11751413345337
0.995462854392036 -0.0923676066816221 -0.022845804025446 20.9240818023682 0.0926854577647328 0.995607050435687 0.0132667645525802 1.68094956874847 0.0215200242704756 -0.0153240451141604 0.999650970187464 -1.14032554626465
0.995656531642955 -0.0902449326646214 -0.0228893670746675 21.476734161377 0.090533953092349 0.995822037141057 0.0119194665026547 1.70439791679382 0.0217180646972345 -0.0139399595621191 0.999666946134168 -1.168492436409
0.995772620493248 -0.0893090449945754 -0.0214658509770093 22.0278072357178 0.0896010682179719 0.9958922512745 0.01304884767349 1.72950208187103 0.0202122945310177 -0.0149170484199962 0.99968442261357 -1.21263635158539
0.995855702415253 -0.088032303597524 -0.0228414861674322 22.5648536682129 0.088341695125718 0.996006597497135 0.0129074646811597 1.7496691942215 0.0216139970699158 -0.014871827913678 0.999655772686362 -1.24196326732635
0.99588413286206 -0.0883165950981153 -0.0203708847097393 23.11181640625 0.0885611669591981 0.996005135792538 0.0114319369187198 1.76843762397766 0.0192798760475002 -0.0131889539071188 0.999727131708662 -1.25901710987091
0.995967894076598 -0.0877891929281865 -0.0184664986839546 23.633825302124 0.0878716699219164 0.996124925144149 0.00370177412837627 1.77887666225433 0.0180699638560962 -0.00530953025995611 0.999822626916724 -1.29964888095856
0.995808899273165 -0.0892178936512691 -0.0201197311313601 24.6371803283691 0.089273871433077 0.996005304825293 0.00189964186768279 1.81718969345093 0.0198698768923668 -0.00368784656755953 0.999795773035662 -1.36352288722992
0.995762678381292 -0.0899454790125686 -0.0191441674699057 25.1404914855957 0.0900894764794584 0.995910492409515 0.00679539081244395 1.85686910152435 0.0184546625700211 -0.0084912845810457 0.999793640465666 -1.37623834609985
0.995682109199649 -0.0908574975812783 -0.0190276786026414 26.1340160369873 0.0910339811465774 0.995810460105188 0.00862217035890873 1.90796411037445 0.0181645725615001 -0.0103171061040129 0.999781779002446 -1.46427464485168
0.995714672454915 -0.0905613976782884 -0.0187329738310726 26.6504955291748 0.0907274544994192 0.995841906624966 0.0082113342161298 1.92485642433167 0.0179114504732746 -0.00987574099032897 0.999790802959217 -1.4719625711441
0.995685318071663 -0.091111626106341 -0.0175903088315287 27.1692371368408 0.0912352179503138 0.995809094562816 0.00635469838335908 1.94728255271912 0.0169376026074817 -0.00793213554114223 0.999825084124052 -1.4806627035141
0.995567632575161 -0.0922519507145717 -0.0182938940099006 27.6937198638916 0.0924465370979503 0.995666516309812 0.0100908908467618 1.98870646953583 0.0172837133535171 -0.0117373714621372 0.99978172986101 -1.5092681646347
0.995372778431993 -0.0937991165603827 -0.0208508438454431 28.204080581665 0.0940640483200193 0.995492509168521 0.0121086334080446 2.01769852638245 0.0196210797415531 -0.0140139188613708 0.999709269391818 -1.54389464855194
0.994984377758413 -0.0976891454392943 -0.0215155497267631 28.7167472839355 0.0979153816186983 0.995147248274716 0.00972277191577324 2.04644751548767 0.020461330825953 -0.0117807094269347 0.999721235558307 -1.56926572322845
0.994577584138115 -0.101579754827879 -0.0222931051919281 29.2209033966064 0.101760207627607 0.994783532249548 0.00711225060721341 2.07408404350281 0.0214543532546818 -0.00934223603970185 0.999726179187182 -1.59248650074005
0.993874956026466 -0.10841819667672 -0.0214024861350008 29.7307586669922 0.10855567760035 0.994075885712995 0.00536640518914471 2.11048126220703 0.0206938793878673 -0.00765689710609851 0.999756538004422 -1.63410520553589
0.992865316116704 -0.116897990054375 -0.0235228394061019 30.2324924468994 0.117070203457462 0.9931050453224 0.00607753384376327 2.15531373023987 0.022650199003685 -0.00878799615616753 0.999704826240552 -1.67175269126892
0.989596350786637 -0.142099792092292 -0.0225102553761317 31.2236843109131 0.14213947314198 0.989846626047086 0.000164554307763714 2.25318384170532 0.0222583172026011 -0.00336243818192398 0.999746598556245 -1.7170227766037
0.985420412216429 -0.168954071284813 -0.0200283045585208 32.2110900878906 0.168601875154117 0.985517206376814 -0.0181450717759757 2.3529577255249 0.0228039225072837 0.0145037144044543 0.999634744987766 -1.76658284664154
0.979712898999553 -0.19891274519576 -0.0244203876418495 33.164852142334 0.198508713287957 0.979933680702405 -0.0180075587961387 2.53031516075134 0.0275122933004711 0.0127945779032933 0.999539580253641 -1.78619968891144
0.972272287725333 -0.232106613638093 -0.0285152314878093 34.1318130493164 0.231116269717895 0.97232498766422 -0.0341963190337811 2.70521783828735 0.0356632639144454 0.026657799407155 0.999008254889686 -1.8372563123703
0.968597695604857 -0.246998105475988 -0.0284682272056773 34.6187515258789 0.246074761054553 0.968709612062537 -0.0323867174871544 2.81936836242676 0.035576903194433 0.0243643877189795 0.99906989773998 -1.86066734790802
0.964472948429907 -0.262562715743108 -0.0292019185761172 35.1112670898438 0.261617864947627 0.964622484882706 -0.0325507972092782 2.95155668258667 0.0367154529751079 0.0237546197679183 0.999043389224169 -1.8601291179657
0.95408167496364 -0.297178771494203 -0.0375890312694056 36.0581092834473 0.296351269940085 0.954723030301502 -0.0260741292628787 3.23278045654297 0.0436357915417481 0.0137372917678399 0.998953054207959 -1.9200131893158
0.943478663248839 -0.32949807117592 -0.035763572046606 37.0136108398438 0.328113273301807 0.943809002346302 -0.0395758382507856 3.51146554946899 0.0467941436224514 0.0256044562806266 0.998576346576072 -1.96613073348999
0.932262227283578 -0.359781465585473 -0.0380057443215101 37.9559326171875 0.358293608006764 0.93271697125455 -0.0408012499224577 3.8532989025116 0.0501281362286547 0.0244202488707279 0.99844420044554 -1.96393120288849
0.926525320029759 -0.374758092407809 -0.0332746678212108 38.4236831665039 0.373436014895159 0.926798100074594 -0.0398851410596253 4.03545522689819 0.045786178296233 0.0245286337365883 0.99865007485307 -1.99936020374298
0.916251228892187 -0.399216395059782 -0.0333159941924027 39.3610610961914 0.397356557890732 0.916243128657952 -0.051051886236628 4.39215850830078 0.0509063007375859 0.0335380247265738 0.998140145191373 -1.99940967559814
0.911750170619475 -0.409338196989115 -0.0339686158249 39.8292007446289 0.407726831315442 0.911957287019499 -0.0457464498896357 4.59297466278076 0.0497036960479598 0.0278594173976525 0.998375378032449 -2.01960039138794
0.905322121085305 -0.423327138944651 -0.0344382128824977 40.7512016296387 0.421152688085438 0.905245570039159 -0.056221626113875 4.96550989151001 0.0549751797815491 0.0363949358759558 0.997824202076985 -2.01913905143738
0.901037646517326 -0.432278336350054 -0.0355893169497267 41.2091445922852 0.430138434961803 0.90109422923924 -0.05486453135087 5.17090034484863 0.0557860764629445 0.0341266751115489 0.997859350669573 -2.05690264701843
0.895777495885695 -0.44297739592655 -0.0367927243199923 42.102840423584 0.440694696347711 0.895867277517756 -0.0566569120577842 5.57116508483887 0.0580591291336096 0.0345376283357339 0.99771553548754 -2.06479692459106
0.891706057022327 -0.450929029945151 -0.0390297043598829 42.9870491027832 0.44868229228513 0.892008250242501 -0.0548222773065267 5.97714328765869 0.0595357746187574 0.0313734195145843 0.997733030468825 -2.06931781768799
0.892675956085718 -0.449021591112087 -0.0388490429948962 43.8575630187988 0.446988658755009 0.893069590031005 -0.0512625234089307 6.36693716049194 0.0577128787260475 0.0283957404732294 0.997929308895239 -2.10319852828979
0.896716766189362 -0.440921390856379 -0.0385664144064445 44.7092132568359 0.438676182359522 0.896960867551275 -0.0549946280298378 6.73288249969482 0.0588408724048917 0.0323964375655886 0.99774156101051 -2.11642956733704
0.900677716551903 -0.432735293464478 -0.0389848264977676 45.5776748657227 0.430360411722623 0.900861499892942 -0.0569075920468746 7.08947992324829 0.0597458528166062 0.034477874076732 0.997618017715381 -2.11861348152161
0.904618082377592 -0.424482736425618 -0.0384776755029135 46.4359893798828 0.422183131800119 0.904785023256369 -0.0559058576037839 7.44608736038208 0.0585450959426297 0.034328824151001 0.997694343761394 -2.12496256828308
0.907976687303523 -0.41741353657184 -0.0366643532591307 47.2527465820312 0.415140123080431 0.907998396259976 -0.0565472421792294 7.77711629867554 0.0568947583006163 0.0361227335053868 0.997726482860916 -2.15795350074768
0.91090883024122 -0.41074457292851 -0.0391662967147614 48.0546760559082 0.408646112822821 0.911211547382215 -0.0519795189676404 8.09589099884033 0.0570390871540815 0.0313434479131621 0.997879817818531 -2.17644190788269
0.914858699881363 -0.401891260092861 -0.0389483544242243 48.848575592041 0.399791379094433 0.915125549430169 -0.0520776533832187 8.38918972015381 0.0565721879827302 0.0320724779383244 0.997883231498427 -2.17984104156494
0.917773720518286 -0.395709605525831 -0.0332461429434084 49.6202583312988 0.393555753420435 0.917546916697212 -0.0567584760992849 8.67110443115234 0.0529647701372945 0.0390072269461724 0.997834239425704 -2.2040958404541
0.920153919852555 -0.390051725706876 -0.0342989074616796 50.316520690918 0.388166800573739 0.920182706790655 -0.050895196784872 8.93494319915771 0.0514130208441809 0.0335177176506922 0.998114855059859 -2.22052621841431
0.923246319773306 -0.382874455984605 -0.0319903732322492 50.9321708679199 0.381008999517063 0.92310180092359 -0.052107652208028 9.14601993560791 0.0494810601346907 0.0359195780336925 0.998128953894149 -2.2391209602356
0.926114419525476 -0.375896525711259 -0.0318415436999293 51.465015411377 0.374106355622695 0.925998776371274 -0.0507020792631667 9.3255729675293 0.0485439659452682 0.0350438028345609 0.998206098585456 -2.24106550216675
0.929568212614303 -0.367142484587702 -0.0333066676180533 51.9616165161133 0.365315118340231 0.929516733524807 -0.0504331875795716 9.48744869232178 0.0494752706825709 0.0347136588123764 0.998171908782623 -2.25874614715576
0.933625466649134 -0.356654726834431 -0.0337771202272123 52.4396209716797 0.354773103188 0.933549222010784 -0.0512044464613769 9.63505554199219 0.0497949121752694 0.0358225614622513 0.998116832245474 -2.26647305488586
0.939492494061825 -0.340999054025221 -0.0327642908575039 53.1443099975586 0.339145540769395 0.939327163006007 -0.0514274539066435 9.84262847900391 0.0483131015121739 0.0372038437932081 0.998139127691769 -2.28226637840271
0.943461761095751 -0.330052715558012 -0.0307426463221091 53.6351089477539 0.328267641047429 0.943171001567703 -0.0516606004894643 9.9705171585083 0.0460462940013706 0.0386479851293398 0.998191400511035 -2.29805374145508
0.948154317488779 -0.316270225333857 -0.0312495567113988 54.1588287353516 0.314393481630898 0.947794934413727 -0.0533057314712126 10.1079759597778 0.0464771872577247 0.0407174025074088 0.998089156437269 -2.31243991851807
0.952838576445933 -0.301944569484617 -0.0304651308094456 54.7428588867188 0.30028708447963 0.952576792287644 -0.049245524565253 10.2574872970581 0.0438897952969846 0.03777475021403 0.998321969163785 -2.31727337837219
0.957509934150097 -0.287155966427941 -0.0267614825581776 55.3778686523438 0.28571097888964 0.957131141424837 -0.0476362745889371 10.408127784729 0.0392932888137423 0.0379661567665742 0.998506188460831 -2.34913229942322
0.962251177125543 -0.270964412668885 -0.025513901848072 56.0275039672852 0.269707537822319 0.961934632446857 -0.0440409688943344 10.5511951446533 0.0364762410663323 0.0354971825126389 0.998703876968211 -2.37168145179749
0.967729094437773 -0.250749059204583 -0.0250061809692098 56.7063331604004 0.249500730042227 0.96735083441759 -0.0445168379379001 10.6773443222046 0.0353523052578537 0.0368411788574912 0.998695620323503 -2.39440441131592
0.973021334189726 -0.229275749960197 -0.0257315699450117 57.3897743225098 0.228103605981457 0.972738874904491 -0.0418070112278018 10.7929039001465 0.0346154322506856 0.0348096499513393 0.998794303207804 -2.41952872276306
0.977839511322902 -0.207454424015605 -0.0281523010097085 58.0784912109375 0.206354950332494 0.977755626025043 -0.0375708696951658 10.9057455062866 0.0353203138301689 0.0309289141860935 0.998897330909542 -2.47972345352173
0.982168859397679 -0.185911577949525 -0.0279502560592808 58.8052177429199 0.184747902760314 0.981985033933154 -0.0396686974448034 10.9839019775391 0.0348216032819789 0.0337976081345883 0.998821894848753 -2.49815964698792
0.985537101985085 -0.166709005181417 -0.0304093439959222 59.5375137329102 0.165582533551291 0.985522855389553 -0.0364297417992086 11.0651550292969 0.0360422695397464 0.0308676059363794 0.998873438284441 -2.51212620735168
0.988052074578617 -0.150899189340732 -0.031345375690848 60.2811431884766 0.149868160785967 0.988155243715046 -0.0329961922210741 11.1453495025635 0.0359531960126206 0.0279042823732945 0.998963822528979 -2.54348087310791
0.989932904499598 -0.138941363372226 -0.0269841089023884 61.0802307128906 0.138294015330163 0.990087086336949 -0.0245423469267236 11.2236270904541 0.0301265649029178 0.0205635360061906 0.999334544121273 -2.56315016746521
0.991282431617168 -0.128473073552718 -0.0292200297582545 61.868896484375 0.127554071480779 0.991334296479635 -0.0314049593520353 11.2716999053955 0.0330015092962674 0.027404050706869 0.999079535567126 -2.61730766296387
0.992437654880212 -0.117992583106816 -0.0338415647931119 62.6629600524902 0.116954666002126 0.992647955182237 -0.0311711913929391 11.3087539672852 0.0372707294830195 0.026977535178463 0.998940991910683 -2.62967610359192
0.992966564624458 -0.118231683774959 -0.0062185600938296 63.4841117858887 0.118123735456152 0.992877286401408 -0.0155395389269318 11.390772819519 0.0080115329237033 0.0146956830366818 0.999859916308429 -2.69291234016418
0.992940561618275 -0.116283558339234 -0.0233917753313172 64.2753448486328 0.115347856544086 0.992597519841747 -0.0380136238038065 11.4399747848511 0.0276389776198365 0.0350470778236692 0.999003398018321 -2.75415849685669
0.993151628196057 -0.11400978791938 -0.0255266854506952 65.0790481567383 0.113107121558266 0.992987576433562 -0.0343868012674174 11.497386932373 0.0292681134397919 0.0312640577529384 0.999082547254478 -2.77093124389648
0.993918595020933 -0.10996385010868 0.00581189649689933 65.8785095214844 0.11011699746749 0.992660081243921 -0.050002099691486 11.5175008773804 -0.000270814253199497 0.0503380052652887 0.998732202287256 -2.7447555065155
0.99381844034011 -0.106989745613487 -0.0296327854497727 66.6398849487305 0.106072030217012 0.993875588660505 -0.0309844908038822 11.5952463150024 0.0327663248716141 0.0276497486118041 0.999080506944316 -2.83911991119385
0.993996308644685 -0.104973444715595 -0.0308531085189392 67.424186706543 0.1040418351494 0.994108365350881 -0.0303949745541105 11.6389036178589 0.0338619984567438 0.0270024784777609 0.999061675381742 -2.89914846420288
0.994291721965409 -0.101923785973423 -0.031551758808445 68.2508316040039 0.10089589193363 0.994362103282612 -0.0326194197725529 11.6816987991333 0.0346985680105059 0.0292497762081113 0.998969699225055 -2.92509651184082
0.994326173367118 -0.103169575372751 -0.0259133107593376 69.0881958007812 0.102495616095574 0.994390544006112 -0.0261169422486035 11.7444515228271 0.0284624250248002 0.0233127584947495 0.999322973644193 -2.94221615791321
0.993597507922244 -0.109681474967958 -0.0270918124081618 69.885856628418 0.108815516549637 0.993559414025408 -0.0316049704876286 11.7788801193237 0.0303838050405414 0.0284546103530039 0.999133204102895 -3.00873398780823
0.992850863953 -0.115842090486656 -0.0287710274314617 70.6788177490234 0.11527690504917 0.993120026766654 -0.0205875592843285 11.8611259460449 0.0309579894383519 0.0171237410247455 0.999373994250027 -3.04043817520142
0.991855675448498 -0.122488788815777 -0.034911541000765 71.5029525756836 0.121857545417358 0.992352531192699 -0.0196772066182939 11.9264516830444 0.0370547932858995 0.0152627143682369 0.999196673255397 -3.09717178344727
0.991576558529747 -0.127204607451895 -0.0243909084970509 72.4021606445312 0.12608480119451 0.991088103611171 -0.0429766656239689 11.9818286895752 0.0296403691279841 0.0395393313476946 0.998778298620136 -3.12563633918762
0.990817593237364 -0.13132302818584 -0.0321676732049285 73.2773742675781 0.13071361270329 0.991210757969127 -0.0203760825558341 12.0968227386475 0.0345607926033571 0.0159842283007024 0.999274765047261 -3.15145683288574
0.990498940828666 -0.134831185816338 -0.0270628813811557 74.2087554931641 0.133780972103415 0.990302683208909 -0.0374599403670079 12.1564655303955 0.0318512122274159 0.0334835326779359 0.998931605926577 -3.23886513710022
0.990323016428471 -0.136674991702801 -0.0240887894061377 75.1286315917969 0.135514620755319 0.98977198820902 -0.0445780093578102 12.2479400634766 0.0299351080431674 0.0408822455327757 0.998715440606904 -3.26833653450012
0.990899456267244 -0.13342148498713 -0.0178037892907696 76.0818328857422 0.132230178592174 0.989602584015748 -0.0565853830846549 12.3627405166626 0.0251683817271378 0.0537162270937223 0.998239009209745 -3.34328031539917
0.991155488916863 -0.13239874022239 -0.00902055305943689 76.9831466674805 0.132134978380095 0.990907674405538 -0.0253441964303536 12.4097452163696 0.012294074933306 0.023928108820647 0.99963808517373 -3.43443942070007
0.991445963235403 -0.129106876406832 -0.0191393952019087 77.8693008422852 0.128733407858695 0.991485299143213 -0.0196115089674436 12.4817543029785 0.0215084096415959 0.0169798718300308 0.999624465620627 -3.36547350883484
0.99136418837751 -0.12954398197927 -0.0203814311458983 78.7343902587891 0.129044684663281 0.991344412496406 -0.0241604050526969 12.5658826828003 0.0233348529619249 0.0213216449907299 0.99950031120162 -3.43897914886475
0.991307479707172 -0.131255512514325 -0.00902613489911093 79.5945739746094 0.130881940559127 0.990817901922563 -0.0339087431977146 12.6408281326294 0.0133939655103397 0.03243263270802 0.999384173390561 -3.39911913871765
0.99095251941811 -0.132787450958269 -0.0195088986594679 80.4084701538086 0.132146784314072 0.990741876798996 -0.0311088564922247 12.713077545166 0.0234591486279917 0.0282493614938287 0.999325593548389 -3.46461772918701
0.989852500673839 -0.138969884678997 -0.029654646550811 81.2174682617188 0.138106889847066 0.989980669164852 -0.0294068301025697 12.8082714080811 0.033444190624348 0.0250129133092728 0.999127539547012 -3.52509260177612
0.989251154128409 -0.14288673856993 -0.031073042922435 82.0266876220703 0.142148206558073 0.989534306341256 -0.0248141884020737 12.9028406143188 0.0342934604251959 0.0201304871917851 0.999209048226389 -3.57026863098145
0.988728382927692 -0.147021800432395 -0.0282979679625148 82.8579254150391 0.146104364425899 0.988746629244049 -0.0321499277485206 12.9761781692505 0.0327062606987515 0.0276530894503292 0.999082382566602 -3.61327648162842
0.988142932745119 -0.150651529132231 -0.0296253478628534 83.6977081298828 0.149783896988402 0.988275214338712 -0.0296122428522464 13.0813817977905 0.0337391266757463 0.0248237284446442 0.999122341776654 -3.65984296798706
0.987566759822591 -0.154623776302109 -0.0283440063432158 84.5874557495117 0.153926842309332 0.987757669817806 -0.0253241570990266 13.1845798492432 0.0319127264611953 0.0206463923767171 0.999277391104011 -3.68291234970093
0.986828079693771 -0.158743786366054 -0.0311568839596128 85.4998245239258 0.157820127132811 0.987006986564914 -0.0301664705232701 13.2950429916382 0.035540801899894 0.024851936790049 0.999059173742024 -3.69874787330627
0.98543002508819 -0.166739635824966 -0.0335493591540533 86.430061340332 0.165582344546151 0.985583377806888 -0.0347547488174651 13.4062528610229 0.0388606848793206 0.0286931914523793 0.998832592547413 -3.75038647651672
0.98350218895355 -0.17715660666698 -0.0365920898257614 87.4285659790039 0.175698168215042 0.983637102496758 -0.0398522807084041 13.5382089614868 0.0430534320287539 0.0327656421579602 0.99853533472007 -3.7814998626709
0.982281507194461 -0.183980085615257 -0.0356983013710893 87.9317169189453 0.182725084838145 0.982514460550558 -0.0357334322440216 13.6262998580933 0.0416483372377691 0.0285773145352787 0.998723561902532 -3.797208070755
0.980423413249974 -0.193769289568747 -0.0349770377718493 88.4572525024414 0.19261389572093 0.980690128570672 -0.0338638287741499 13.7127380371094 0.0408634057131408 0.0264638270864507 0.998814220928728 -3.81472730636597
0.978608718405564 -0.203336428408518 -0.0312933402289908 88.9838562011719 0.202098085471674 0.978601267028762 -0.0386771769702185 13.7992916107178 0.0384881814237009 0.0315254984380779 0.998761634645087 -3.83605718612671
0.975901583915449 -0.215751541293162 -0.032670643411839 89.5066299438477 0.214405188744099 0.975913311484507 -0.0402942118293716 13.9019403457642 0.0405772541077574 0.0323184296798019 0.998653596374692 -3.88102030754089
0.972925718802095 -0.228298798455927 -0.0359889471505681 90.0414047241211 0.226660428177294 0.972957140239471 -0.0444910502856088 14.0001668930054 0.0451729564220929 0.0351292169085883 0.9983613284415 -3.88247680664062
0.970345841432436 -0.239525727707097 -0.0325019042697987 90.5988922119141 0.237732604768347 0.969993955178442 -0.0509405098849586 14.111421585083 0.0437282133734585 0.0417031495653268 0.998172675778844 -3.9094717502594
0.966733046714476 -0.253640761697413 -0.0330693271129297 91.1413421630859 0.251908976877897 0.966512820666199 -0.048937049933551 14.2379016876221 0.0443743592458212 0.0389786030204217 0.998254268584963 -3.91717433929443
0.963480171036331 -0.266093409102373 -0.0300042938940346 91.6940155029297 0.264008090545506 0.962667604631673 -0.0597562642677157 14.3601732254028 0.0447849098058538 0.0496525993780206 0.997761961205521 -3.92469716072083
0.959680128438716 -0.279912867557622 -0.0257456337175415 92.2482528686523 0.277973566891093 0.958646631665657 -0.0610518771696118 14.5019226074219 0.0417701710517407 0.0514336676872212 0.997802500817947 -3.94580864906311
0.955788614450295 -0.293407572617486 -0.0194966873570853 92.8060684204102 0.29170583198145 0.954431251768774 -0.0629975653108983 14.6508903503418 0.0370922104382496 0.0545250582558646 0.997823223796179 -3.96303081512451
0.951010940890466 -0.307802699551989 -0.0289082765854107 93.3341445922852 0.305589321699022 0.950081989610448 -0.0629236003529951 14.807767868042 0.0468332869886585 0.0510069717426942 0.997599585035739 -4.00564002990723
0.947415605625039 -0.31876150230065 -0.0281917517932533 93.8724822998047 0.316700947586488 0.946614117062084 -0.0601849082128682 14.9542407989502 0.0458713419899645 0.0480917667569356 0.997789056842295 -3.988694190979
0.942670359874541 -0.332600501666537 -0.027376977648575 94.3917007446289 0.330152886687899 0.941407158027048 -0.0689320986702402 15.1143474578857 0.0486997333221642 0.0559416580609156 0.997245640184877 -3.99342918395996
0.937210007447096 -0.347924066040005 -0.0242125217853154 94.8894500732422 0.345464411852179 0.935628508514987 -0.0724819577388011 15.2848072052002 0.0478721430964047 0.0595662515541398 0.997075784276775 -4.02867984771729
0.930151140482287 -0.365997298401805 -0.0294080502937705 95.3697738647461 0.36299937641446 0.92866157165572 -0.0762832750518838 15.4672355651855 0.0552295987873747 0.06027987137103 0.996652411086873 -4.04843521118164
0.923129092157534 -0.38304073515506 -0.033353776761827 95.8405380249023 0.380156656629351 0.922271468438481 -0.0699732443489736 15.6685762405396 0.0575638396287149 0.0519146772714475 0.996991108611808 -4.02352666854858
0.91620829281182 -0.399220376218139 -0.0344304428536514 96.3082656860352 0.396293364509413 0.915487380836899 -0.0695300278599377 15.8653907775879 0.0592784398298459 0.0500594320846892 0.99698551635954 -4.01013422012329
0.901011739330358 -0.432145075695837 -0.0377952264277047 97.2283477783203 0.428938343764174 0.900537418093399 -0.0710229249082365 16.2721347808838 0.0647282228840703 0.0477806672778079 0.99675837844322 -4.04292392730713
0.893302271723902 -0.44822366458719 -0.0332655653333163 97.7026214599609 0.444964405404222 0.892386605525693 -0.0751852658544091 16.4847526550293 0.0633855603129167 0.0523611762889347 0.996614558373224 -4.05081272125244
0.884260743444246 -0.465798131259268 -0.0333921924827235 98.1486968994141 0.463134309983158 0.883882185499118 -0.065260195170768 16.7330799102783 0.0599128410263958 0.042241958674709 0.997309414578781 -4.05691242218018
0.865086430435344 -0.500694529140708 -0.0305033828484437 99.0257720947266 0.498341184969425 0.864780870968778 -0.0617260769023145 17.2285423278809 0.0572846509974787 0.0381972995779313 0.997626901734837 -4.08713960647583
0.843161943351068 -0.536715853316702 -0.0318438390112522 99.8660888671875 0.533266762153675 0.842360464738348 -0.0778165010003063 17.7162704467773 0.0685893407650709 0.0486306512841252 0.996459011745639 -4.06579113006592
0.830801350733168 -0.555573663109949 -0.0332719172657148 100.288818359375 0.552010412931048 0.830158461826353 -0.0782395825257046 17.9932422637939 0.0710888151233184 0.0466351060542996 0.996379218594841 -4.06961345672607
0.807157866208138 -0.589163103057708 -0.0371889367115747 101.092140197754 0.585355860432763 0.806924606186011 -0.0789379287071157 18.5568828582764 0.0765159831364963 0.0419466080507422 0.996185618445525 -4.05284357070923
0.794854609837335 -0.605747581946625 -0.0357213687609298 101.496063232422 0.601700406221474 0.794423762160626 -0.08274966626803 18.8528594970703 0.0785033144093343 0.0442803916014061 0.995929955642652 -4.0697979927063
0.770015582609565 -0.637056607458395 -0.035140879784832 102.267021179199 0.632658841629196 0.769508599079061 -0.0871739987139816 19.4602699279785 0.0825759810529434 0.0448931491096494 0.995573107569787 -4.07238864898682
0.747410542876676 -0.663155016260358 -0.0400362936036387 103.002151489258 0.658793986275873 0.747585043907241 -0.0843035335733484 20.0770893096924 0.0858368454891989 0.036633680335626 0.995635480194198 -4.05711460113525
0.727676509035326 -0.684883434505086 -0.037703837187733 103.708847045898 0.680215888121952 0.727608151212411 -0.0888410031219831 20.6925621032715 0.088279350612841 0.0390007619127419 0.995331953081785 -4.03228521347046
0.707330140049967 -0.705812335330363 -0.0388975612653736 104.378761291504 0.701295045707703 0.707580591478399 -0.0866889002635849 21.3198833465576 0.088709254549482 0.0340390049587008 0.995475772833622 -4.02560901641846
0.688859772891001 -0.723830052400067 -0.0392717269173944 105.018905639648 0.719315047438302 0.689262515181893 -0.086620134460557 21.9516410827637 0.0897667857361055 0.0314203820417177 0.995467068149901 -3.99879169464111
0.67467588410424 -0.737168789779549 -0.0373447022095244 105.612617492676 0.73288433752571 0.67504977583102 -0.084784125636765 22.5631694793701 0.0877097441431869 0.0298324575830671 0.995699264465376 -3.97529053688049
0.663937636440658 -0.747014013800392 -0.0340129108342827 106.110046386719 0.742718767205732 0.664041538366076 -0.0861258855676547 23.089656829834 0.0869232291047123 0.0319201896962303 0.995703496896424 -3.94861197471619
0.654281902858503 -0.755446055872145 -0.0348776183114151 106.515266418457 0.750870196089322 0.654427246914429 -0.0889883538491684 23.5196685791016 0.0900507646643807 0.0320349053880589 0.995421832501246 -3.94728684425354
0.647277047306195 -0.761355852559506 -0.0370093205012098 106.896286010742 0.756686957786398 0.647648912439495 -0.0893069657524279 23.942253112793 0.0919634272226756 0.0298018789563048 0.995316319601027 -3.93281555175781
0.641003556877866 -0.766528637894723 -0.0393482827730166 107.258186340332 0.761887478430033 0.641657097081643 -0.0883382135674268 24.3628330230713 0.0929618754191743 0.0266461451624716 0.995313052595278 -3.92512440681458
0.635971650089667 -0.770668196977653 -0.0401321622821325 107.62190246582 0.766117940310094 0.636757416027332 -0.0871968730472304 24.7730941772461 0.0927543088877586 0.0247087697267285 0.995382396308748 -3.91826367378235
0.632381336033578 -0.773513805803897 -0.0420741971659438 107.99047088623 0.768834811967465 0.633348477919286 -0.0881063983163334 25.1904163360596 0.0947991442120676 0.023368734413629 0.995222098080908 -3.91199612617493
0.631639273354084 -0.77400907476917 -0.0440656389003786 108.383003234863 0.769417679301576 0.63283019107729 -0.0867316784067827 25.6390399932861 0.0950171728420806 0.0208782527059697 0.99525666811584 -3.90069222450256
0.637958063037306 -0.76882724728466 -0.0437512701344839 108.801292419434 0.764210258932499 0.639076270705942 -0.0869724115044971 26.1038131713867 0.0948271582829054 0.0220495817029928 0.995249529514439 -3.88403654098511
0.647330155018765 -0.760813359107298 -0.0461161902942025 109.243392944336 0.756217902018452 0.648636309692504 -0.0860547640476798 26.5694007873535 0.09538424959181 0.0208319550777223 0.99522252515578 -3.86273407936096
0.657677212708731 -0.751920084586387 -0.0455726922539557 109.711639404297 0.747211027204027 0.658842753819027 -0.0871889130845402 27.0372753143311 0.0955843329650659 0.023289743145013 0.995148844724176 -3.8578999042511
0.667579197073311 -0.743167707785978 -0.0451638543427083 110.191856384277 0.738354012539531 0.668617050520041 -0.0882303344698101 27.5118827819824 0.0957672585058573 0.0255538227671759 0.995075692769277 -3.8436119556427
0.674639768842707 -0.736395620607918 -0.0508199984783355 110.676849365234 0.731511952619555 0.676199535715798 -0.0874325515609899 27.995849609375 0.098749407444217 0.0218100400554243 0.994873296798239 -3.83108234405518
0.674369888546766 -0.736429506518151 -0.0538222570211893 111.153373718262 0.731423644286559 0.676218851962692 -0.0880199797138551 28.4709072113037 0.101216135077321 0.019991152535355 0.994663585248961 -3.82590699195862
0.667073857507736 -0.74322047482346 -0.0513399886340085 111.647163391113 0.737885094480321 0.668635710904909 -0.0919340711948201 28.9694328308105 0.102655033844018 0.0234438031444955 0.994440713225583 -3.80443429946899
0.651841017902739 -0.756837553022373 -0.0479604599084337 112.150192260742 0.750992309738991 0.653011327744231 -0.0979119836925554 29.4870891571045 0.10542218975347 0.0278051105522527 0.994038750620297 -3.79406571388245
0.634342823781021 -0.771591232428661 -0.0474989679544754 112.648727416992 0.765965169819007 0.635640756309983 -0.0962194758965808 30.0615749359131 0.104434383905209 0.0246535789874896 0.994226161646055 -3.76098799705505
0.616544254995739 -0.78592628703452 -0.0468300435605503 113.157531738281 0.780440258909585 0.61792065280348 -0.0953261197786897 30.6758327484131 0.103856554462824 0.0222247201794438 0.994343943466272 -3.72225332260132
0.598443820683027 -0.799764496562443 -0.0473470540215896 113.671699523926 0.794399181099889 0.600017084311578 -0.0943898278526756 31.3224182128906 0.103898674457988 0.0188745482715254 0.994408777552481 -3.69849252700806
0.581993530903017 -0.81197425774113 -0.0445121865648054 114.214088439941 0.806273943051399 0.583301703195388 -0.0983943687703113 32.024715423584 0.105857728784382 0.0213758699261619 0.994151504269602 -3.68319535255432
0.570959419657022 -0.820086875655968 -0.0382473199289917 114.783622741699 0.814624224084976 0.571710253525805 -0.0976460933545751 32.767219543457 0.101944664592451 0.0245947634730188 0.994485989328577 -3.63143301010132
0.568141139026316 -0.821501462030065 -0.0484870501097678 115.307228088379 0.814610809739627 0.569777131604133 -0.108458512604203 33.4893074035645 0.116725639005448 0.0221216677362479 0.992917799727317 -3.5795476436615
0.568813456448742 -0.821021766979016 -0.0487289432420695 115.887496948242 0.814439414192478 0.570529854229575 -0.105755028450628 34.2427101135254 0.11462849721011 0.0204681112815471 0.993197545329185 -3.57722187042236
0.580380742239667 -0.813472851967413 -0.0376843886687425 116.496917724609 0.807947644201802 0.580993507011944 -0.0983216610860485 35.0076026916504 0.101876387186095 0.0266169855912622 0.994440917205212 -3.54915022850037
0.5854023706063 -0.809883719940154 -0.0373152068789989 116.815116882324 0.806318477542489 0.586392564924851 -0.0774226877240545 35.3996162414551 0.0845847342141998 0.0152354841325154 0.996299805661509 -3.54192662239075
0.591324123914921 -0.806349212184997 -0.0116930956074951 117.148704528809 0.804474642633387 0.590835547138397 -0.0611056920225521 35.7947731018066 0.0561812231633999 0.0267264708913329 0.998062806599644 -3.54286098480225
0.597335131640567 -0.801700234194428 0.0216211701937426 117.496925354004 0.801757586339976 0.596292279528351 -0.0402528274929646 36.1851005554199 0.0193781643672004 0.0413793652377959 0.998955572024239 -3.57609748840332
0.608311067605005 -0.793601669308825 0.0124111038793834 118.117553710938 0.793256284980662 0.607375608082557 -0.0428874928740666 36.9308471679688 0.0264973841716133 0.0359341227329942 0.99900281654031 -3.55233120918274
0.613452329880989 -0.789620840594837 0.013235069394962 118.458068847656 0.789132160613871 0.612247557751897 -0.0492276458072335 37.3007545471191 0.0307680361490703 0.0406430329225244 0.998699890771191 -3.55676817893982
0.618048172326593 -0.785982502430342 0.0157468268897652 118.793846130371 0.785386540353196 0.616454858700362 -0.0561372373452326 37.6708526611328 0.0344156783428227 0.0470628628331785 0.99829887710352 -3.57909655570984
0.624284518690013 -0.780952236177728 -0.0195561891222576 119.448631286621 0.776440257307852 0.623047102150733 -0.0946194236575707 38.4168434143066 0.0860776774529619 0.0438852288427462 0.995321415490355 -3.6908278465271
0.627760390394903 -0.778404463110584 -0.00183958168158457 119.831504821777 0.77563700515121 0.625724204382488 -0.0828037214741266 38.8309020996094 0.065605857141732 0.0505540488925132 0.996564177386119 -3.65846395492554
0.629930363319029 -0.776651420852557 0.000554848141694416 120.188613891602 0.773560860847018 0.627359663863122 -0.0895736943704521 39.2217712402344 0.0692194476601559 0.0568543986447351 0.995980042681764 -3.65746307373047
0.63190878582892 -0.775042705790697 -0.000300986470052154 120.549896240234 0.772060797372421 0.629511511112793 -0.0873921194224559 39.6249122619629 0.0679220991495509 0.0549914682211933 0.996173944083058 -3.64596009254456
0.633538157496078 -0.773691983429223 0.00548796627446513 120.918182373047 0.77123178398705 0.630924427203668 -0.0844742713841118 40.028491973877 0.061894574597682 0.0577501682688303 0.996410547766479 -3.67189693450928
0.635605042981729 -0.771980713649601 0.00721159408503209 121.281433105469 0.769642147061545 0.63289256955926 -0.0842493968119176 40.4266891479492 0.0604747451643182 0.059099688237164 0.996418602820913 -3.69823360443115
0.636985708134269 -0.770860805978544 0.00477759759638313 121.648246765137 0.768536773631063 0.634558483985049 -0.0817725991965061 40.8349113464355 0.0600036266357277 0.055759736447598 0.996639562019216 -3.70559120178223
0.638853256203217 -0.769248781130377 0.0110828591968085 122.032791137695 0.767362498423959 0.636125199956083 -0.0806196377650835 41.2511901855469 0.0549664720633081 0.0600086886230913 0.996683321942657 -3.72381639480591
0.640525787377812 -0.767791434352109 0.0149341568079973 122.412376403809 0.766380936539968 0.637870051685767 -0.0760398400216478 41.6596031188965 0.0488566864631252 0.0601507314828965 0.996992935626886 -3.72800254821777
0.641655734585454 -0.766946928409415 0.0083861359973694 122.781524658203 0.765128975047427 0.639296468645456 -0.0766660075934799 42.0760726928711 0.0534375319085334 0.0556096590604039 0.997021562456254 -3.7323682308197
0.641805687964452 -0.766833162647448 0.00723599064318509 123.150947570801 0.764951833524717 0.639507597867422 -0.0766728417173482 42.4860534667969 0.0541678067088669 0.0547442502364643 0.997030047582518 -3.74201250076294
0.639296237499458 -0.768932570693708 0.00655914974693623 123.522918701172 0.767240829475132 0.637273145443014 -0.0722803409197733 42.9133644104004 0.0513987383633971 0.0512409974876801 0.99736278749065 -3.75093793869019
0.637455189547603 -0.770481695817665 0.00297283177538665 123.895454406738 0.768577746639201 0.635599011144954 -0.0728158252206556 43.3383979797363 0.0542137315616374 0.0487016780151623 0.997340973723967 -3.74997496604919
0.631104744168408 -0.775688340980012 0.00379467466380017 124.265731811523 0.773937061596433 0.629335418903246 -0.0704155891926981 43.7675819396973 0.0522324283908699 0.0473764517619414 0.997510523875734 -3.76340913772583
0.62030717378563 -0.784348834353963 0.00398951095535951 124.621681213379 0.782692275437647 0.618649653489642 -0.068303793506541 44.2107391357422 0.0511058912486829 0.0454918925164135 0.997656592016989 -3.77440524101257
0.603402645241876 -0.797436290648207 0.000781071273615616 124.967063903809 0.795810960193759 0.602109703657572 -0.064411337487108 44.6622657775879 0.050893647448317 0.039487556503524 0.99792312806688 -3.78280591964722
0.584091769565141 -0.811687601513446 -0.000205610339717809 125.297096252441 0.81010275608859 0.582967096716938 -0.0623128295224594 45.1249618530273 0.0506984152014016 0.0362298453594985 0.998056646188628 -3.79178953170776
0.562322035155261 -0.826910974188826 -0.00348848748487605 125.608268737793 0.825362838090703 0.56151790689249 -0.0589391698103816 45.5880470275879 0.0506962945165115 0.0302635259869741 0.998255480684745 -3.79795241355896
0.538096951393246 -0.842882243711209 -0.00109276605560377 125.909950256348 0.84138354930258 0.537216576436324 -0.0589242985959781 46.0581321716309 0.0502532970489246 0.0307875500550599 0.998261855876162 -3.80125784873962
0.509596072449727 -0.860379570792987 -0.00767053491540419 126.186065673828 0.858628155061962 0.50909235104282 -0.0598554044726616 46.5453681945801 0.0554033778636684 0.0239159417914063 0.998177586128604 -3.8170862197876
0.478333535811723 -0.878141264518188 -0.00805903643450219 126.442329406738 0.876607277905975 0.478006414840165 -0.055403498932185 47.0391807556152 0.0525043697241637 0.019436741549179 0.998431522057381 -3.82756090164185
0.440931980300138 -0.897515188384003 -0.00674354273556514 126.682632446289 0.895973927642096 0.440593662129101 -0.0557489540463599 47.5418090820312 0.0530066951827165 0.0185394582363162 0.998422044405126 -3.82027339935303
0.399048252676813 -0.91692978873669 0.000504542239987834 126.915985107422 0.915050777937339 0.398195175737231 -0.0642080665949972 48.040153503418 0.0586733826522233 0.0260837985516932 0.997936405599706 -3.82262945175171
0.355277050893998 -0.934707335746099 0.010020659184555 127.10799407959 0.932807873919194 0.353821696834945 -0.0684081662025369 48.5502395629883 0.0603960881383657 0.0336512013347174 0.997607091587822 -3.83602142333984
0.30981072303178 -0.950795909440508 -0.00211056526166881 127.245475769043 0.948482045878726 0.309210090481662 -0.0690719088344035 49.0806732177734 0.0663258964525266 0.0193973847598235 0.997609451100103 -3.81309390068054
0.269396095758196 -0.963002379728131 -0.00722220383248231 127.366989135742 0.960397259170993 0.269206313110355 -0.0718683905369724 49.5921974182129 0.0711536939806092 0.0124248790531954 0.997387975771428 -3.79854607582092
0.230922877654352 -0.972970724081013 -0.00161079393535282 127.491737365723 0.969636658387912 0.230267910394636 -0.0823495000155581 50.1144676208496 0.080494566811417 0.0174544986681627 0.996602210106964 -3.80204081535339
0.194805129414495 -0.980788529939648 -0.0102382172581659 127.591667175293 0.976907450094753 0.194947132237541 -0.0874496974364452 50.6231155395508 0.0877655712860625 0.00703385891117419 0.996116323190042 -3.82075190544128
0.163708264572347 -0.986477061350565 -0.00791274540624958 127.687644958496 0.982831108432446 0.163784663746808 -0.0849564371827999 51.1528091430664 0.085103562840579 0.00613117855707779 0.996353246715913 -3.79882574081421
0.134076407380952 -0.990968846578453 -0.00206448414579534 127.764389038086 0.987494202378112 0.133780072644008 -0.0834151810702317 51.677433013916 0.0829380326112972 0.00914534167405383 0.996512742252818 -3.7989661693573
0.109490172048977 -0.993984739554845 -0.00249795051458269 127.827529907227 0.990211660259198 0.109292716196823 -0.0868099652864941 52.1860733032227 0.0865607885327249 0.00703133830849371 0.996221757527 -3.78872752189636
0.0870184902465308 -0.9961918553943 0.00543779378767709 127.883094787598 0.99235798285873 0.0862016657428666 -0.0882887687064883 52.7014122009277 0.0874838054257308 0.0130789934329047 0.996080078969063 -3.77840542793274
0.0659751432839142 -0.997795325143103 0.007195108841186 127.91569519043 0.993815699390162 0.0650631305624145 -0.0899841357521533 53.2114791870117 0.089317613684596 0.0130873283747191 0.995917208266682 -3.75973391532898
0.0463117127906099 -0.998925185680088 -0.00192319328228592 127.931648254395 0.995017372528766 0.046300539032515 -0.0882988587199714 53.7151985168457 0.0882929987278209 0.00217566065817285 0.996092170873935 -3.76605749130249
0.0259491926162695 -0.999655619139165 0.00390928715444384 127.966331481934 0.995379034175511 0.025476123643517 -0.0925826411803387 54.2427291870117 0.092451164007766 0.00629366726101661 0.995697329526406 -3.76021862030029
0.00597758006871737 -0.999970718227466 0.00477820302706234 127.980758666992 0.995697750031305 0.00551005660664941 -0.0924966478246049 54.7719802856445 0.0924676111896459 0.00531055212169827 0.995701531040825 -3.74090027809143
-0.0125103307992963 -0.999902574275796 0.00619141178799959 127.98136138916 0.99535579238696 -0.0130440169954446 -0.0953766228294398 55.3112449645996 0.0954480915734769 0.0049694644841223 0.995422004095611 -3.70612025260925
-0.0294450680248418 -0.999524239770969 0.00918052717866697 127.981140136719 0.994485008650993 -0.0302190648233777 -0.10043094985927 55.8313636779785 0.100660595753488 0.00617270050029161 0.994901674654881 -3.69980597496033
-0.0456831489118373 -0.998850320800954 0.0145288176164034 127.974876403809 0.992938583385139 -0.0469971165562907 -0.108923095165845 56.3797988891602 0.10948068108398 0.00945027360589317 0.993943998823959 -3.67997550964355
-0.060942905636124 -0.998129851326277 0.00477096887540346 127.94783782959 0.991095973418221 -0.061078966107338 -0.118313699010079 56.9172058105469 0.118383840649032 -0.00248189255251597 0.992964806265833 -3.67387199401855
-0.0715078475383649 -0.997439944907305 0.000429003196643407 127.909843444824 0.989562662354382 -0.0709970493414884 -0.125399985083372 57.4420013427734 0.125109412174056 -0.00854255746922603 0.992106173601065 -3.64520239830017
-0.0809092295088134 -0.996710644728278 -0.0046462098133702 127.882019042969 0.9877473471088 -0.0795557584296106 -0.134261161845926 57.9975776672363 0.133449896439894 -0.0154522485751792 0.990935090282987 -3.61841416358948
-0.0885903347894926 -0.996066757948797 -0.0016632171408089 127.861663818359 0.987119149504595 -0.0875709619814253 -0.133892162948296 58.5493583679199 0.133219883137657 -0.0135033450307556 0.990994511795988 -3.5839672088623
-0.0960479179035542 -0.995375781413081 0.00136060379659945 127.827140808105 0.9863606959018 -0.0953614010789437 -0.134159534750153 59.0969085693359 0.133668900820305 -0.0115436978720012 0.990958812460403 -3.56408643722534
-0.102796291905088 -0.994698499944031 0.00279581466806779 127.788856506348 0.985595781645272 -0.102234234868365 -0.134718656554779 59.6628684997559 0.134290273562938 -0.0110930352011567 0.990879945803939 -3.51996779441833
-0.1096117663522 -0.993969172557104 -0.00324725781175921 127.73388671875 0.985280228501827 -0.108221262778477 -0.132329246978965 60.2516899108887 0.131179769783831 -0.0177043014201954 0.99120049723085 -3.4854850769043
-0.11438876046892 -0.993350896733716 -0.0130079758881027 127.678436279297 0.984763827263657 -0.111654122240989 -0.133317521352704 60.846004486084 0.130978685256107 -0.028059810136846 0.990988007527672 -3.44820117950439
-0.114027293862605 -0.993423717621804 -0.0103485999461379 127.648735046387 0.984593046803221 -0.111611460969722 -0.134608372573756 61.4397239685059 0.132568127546262 -0.0255381880069504 0.990844837758263 -3.41893124580383
-0.11217356865165 -0.9936109853041 -0.0124217703637253 127.596038818359 0.985105910125584 -0.109556570044823 -0.132528124545917 62.0422668457031 0.130320513855639 -0.0271029120765545 0.991101405419936 -3.37302780151367
-0.108761177088021 -0.994052281723993 -0.00557382792625646 127.559005737305 0.985301765915016 -0.107057376383063 -0.133113291022071 62.6389656066895 0.131724851274084 -0.0199694607162677 0.991085154865878 -3.31628584861755
-0.10678302196889 -0.994276403309185 0.00343802875813815 127.527565002441 0.985128113131409 -0.106267384151233 -0.135017938748167 63.2314262390137 0.134610500843512 -0.0110307247361436 0.990837189539459 -3.29633569717407
-0.107363394357501 -0.994177739956285 -0.00915002335780954 127.478889465332 0.985078300516833 -0.105126562817614 -0.136268659790217 63.8213844299316 0.134513357711802 -0.0236437553186256 0.99062966310904 -3.25723719596863
-0.105909786204469 -0.99432683738312 -0.00986192911182361 127.436630249023 0.985196448199215 -0.103582479562084 -0.136596589940679 64.4121780395508 0.134800132202366 -0.0241828531702379 0.990577666803957 -3.21694469451904
-0.107112372919081 -0.994100274187355 -0.0170758434131184 127.397415161133 0.985271117680945 -0.103827179108734 -0.135870311481443 64.9999923706055 0.133295777245137 -0.0313777267970199 0.99057946376334 -3.18545651435852
-0.106432749256692 -0.994291454695754 -0.00752150281950199 127.375312805176 0.985415062257299 -0.104466439828116 -0.134327651755259 65.5780715942383 0.132775091647891 -0.0217086634466557 0.990908426126882 -3.14208889007568
-0.110346996078378 -0.993825433094745 -0.0115995254437579 127.332336425781 0.985553913851131 -0.107905009608575 -0.130537319545374 66.1705169677734 0.128479661227745 -0.0258363587878667 0.991375538943436 -3.13940262794495
-0.112191826578718 -0.993379555663408 -0.0246992396421569 127.269882202148 0.98594795387414 -0.108187651932443 -0.127287329380191 66.7509307861328 0.123772477959874 -0.0386327627709221 0.991558310610303 -3.09212779998779
-0.113508586950236 -0.993316464484376 -0.0209332766861852 127.236389160156 0.986065212101864 -0.110050832887358 -0.124756609697859 67.3240051269531 0.121619069931758 -0.0348025223950562 0.991966524769801 -3.06036758422852
-0.114828063957677 -0.993009808401368 -0.0273136622665241 127.189239501953 0.986319526897166 -0.110694588054511 -0.122149494623566 67.922737121582 0.118272171659618 -0.0409661884255796 0.992135809663575 -3.0122492313385
-0.11377014546315 -0.993069397990611 -0.0294877055034542 127.14835357666 0.987364542670291 -0.109721574661082 -0.114334753821314 68.5447540283203 0.110306907665755 -0.0421229964325585 0.993004551496498 -2.99516820907593
-0.112500837900097 -0.992882432953704 -0.0390900985379896 127.090629577637 0.988348915473215 -0.107755026326565 -0.107495467738325 69.1656036376953 0.102518206942455 -0.0507279866867875 0.993436806551886 -2.98639011383057
-0.111676557483925 -0.992996807067783 -0.0385446191021139 127.061378479004 0.988795567260537 -0.1071705550859 -0.103912454924773 69.7962112426758 0.0990538877301262 -0.0497173337556182 0.993839279788125 -2.96463751792908
-0.110820486901738 -0.993414617893651 -0.0290898029913038 127.027770996094 0.989350888399904 -0.107493584117812 -0.0981323035285868 70.4059295654297 0.0943590976280586 -0.0396550920906518 0.994748126093284 -2.9424159526825
-0.113538152521368 -0.992965508302061 -0.0335944525846884 126.982864379883 0.989584506376858 -0.110010381979216 -0.0928451430913733 71.0259780883789 0.0884962861418788 -0.0437860157951961 0.995113657910431 -2.90959620475769
-0.114639396981508 -0.992685103694016 -0.037869427823996 126.928833007812 0.990025030636937 -0.111023095239793 -0.0867427866494253 71.6532135009766 0.0819038910678127 -0.0474358221956406 0.99551072088681 -2.87880921363831
-0.116073471773553 -0.992426366704045 -0.0402101457475897 126.882217407227 0.990201944501964 -0.112459181554527 -0.082783099655759 72.2823257446289 0.0776341307349016 -0.0494250862891907 0.995756045721211 -2.86769938468933
-0.114577342127983 -0.992778178215266 -0.0355460480287923 126.840431213379 0.990882637940388 -0.111659227132393 -0.0753910792103049 72.9280471801758 0.0708775740215834 -0.0438600713152024 0.99652027758849 -2.88289570808411
-0.113626564365197 -0.992736443942994 -0.039539306240519 126.796058654785 0.991290077195101 -0.110614328768105 -0.0714734434997553 73.5818862915039 0.066580678316556 -0.0473162037636321 0.996658512298122 -2.86567807197571
-0.111052547421171 -0.993460240897942 -0.026534533466254 126.767990112305 0.991199374833105 -0.108785161518354 -0.0754293574405054 74.2264022827148 0.0720495041046808 -0.0346776352773493 0.996798039007823 -2.88602757453918
-0.110789910405952 -0.993125234815508 -0.0377870841013631 126.70817565918 0.991135982800841 -0.107603378428775 -0.0779164716098262 74.8872833251953 0.0733147962532256 -0.0460844976467831 0.996243524308686 -2.90984392166138
-0.10836575743712 -0.993162149881946 -0.0434258754310155 126.658050537109 0.99133683421821 -0.104698959142921 -0.0793057947227498 75.577522277832 0.0742168696274451 -0.0516437023872208 0.99590400353972 -2.8755624294281
-0.106568749701415 -0.993652094114333 -0.0360363351255005 126.635124206543 0.990922781104725 -0.103149479470908 -0.0862103634869871 76.2518768310547 0.081945979002968 -0.0448965560714955 0.995625007609875 -2.88022923469543
-0.103352564747278 -0.99411854043463 -0.0323508102569355 126.601203918457 0.991940077527763 -0.100620017286052 -0.0770097053336144 76.9625778198242 0.073301636778283 -0.0400492157910117 0.996505358921943 -2.8462553024292
-0.102162774401626 -0.994212830221954 -0.0332207126445948 126.555000305176 0.991671017847857 -0.0991549360370808 -0.0822003103405202 77.6450958251953 0.0784306055513905 -0.0413418296829587 0.996061992664768 -2.8419075012207
-0.103334574802483 -0.993534426152984 -0.0470245648491351 126.502601623535 0.991421134289817 -0.0990799168703951 -0.0852484871211682 78.3398513793945 0.0800381167562211 -0.0554302635914354 0.995249408813842 -2.83765530586243
-0.101573546587831 -0.994049333261501 -0.0393540045730466 126.476951599121 0.991792010114677 -0.0980961185226531 -0.082010732245716 79.0556869506836 0.0776622386122029 -0.0473611082340265 0.995854157053424 -2.84783220291138
-0.102022225676986 -0.994154833910088 -0.0353218300930041 126.446281433105 0.991670504788174 -0.098832770908951 -0.0825935428930593 79.7754821777344 0.0786198155752284 -0.0434539941508691 0.995957165239175 -2.84738349914551
-0.100969160111326 -0.994116080406744 -0.0392230465816367 126.404876708984 0.992372971633383 -0.0978330910697018 -0.0749971430340908 80.5113677978516 0.0707185539865019 -0.0464962898356345 0.996412053898175 -2.82763075828552
-0.099882751773729 -0.994154222249538 -0.0409977838611259 126.361068725586 0.992883278468202 -0.0968999755894754 -0.069232868415185 81.2400741577148 0.0648554641980371 -0.0476211834604626 0.996757739698811 -2.8073205947876
-0.0983629177672474 -0.994348307195468 -0.0399522262936712 126.327201843262 0.992978650892977 -0.0954180974517537 -0.0699198508969495 81.9784469604492 0.0657125199568372 -0.0465492283093353 0.996752243069825 -2.81081914901733
-0.0974744969137152 -0.994380017917575 -0.0413170959490389 126.288299560547 0.992985917719739 -0.0943788035635791 -0.0712152276426573 82.7291641235352 0.0669155412569179 -0.0479689629255347 0.996604881050731 -2.82783603668213
-0.0965145336424292 -0.994392225399794 -0.0432324746022048 126.252822875977 0.992992075308619 -0.0932204869735134 -0.0726407542823069 83.469352722168 0.0682032489700152 -0.0499403931989617 0.996420731396666 -2.83701157569885
-0.0980204591729684 -0.994484069943042 -0.0373285977910111 126.228034973145 0.992634833375257 -0.0950173188211612 -0.0751518242899877 84.2228775024414 0.0711904288060959 -0.0444200827730031 0.996473170282494 -2.8352358341217
-0.100551361441167 -0.994420051327201 -0.0319090148819092 126.187271118164 0.992642391617543 -0.0980938859013229 -0.0709836031248315 84.9729232788086 0.067457438997735 -0.0388117387807394 0.996966971798305 -2.8203809261322
-0.103273022993597 -0.993915980185141 -0.0382845537308982 126.122131347656 0.992243899659615 -0.100269226641464 -0.0734719387045273 85.69873046875 0.0691861713787021 -0.0455752841058914 0.996562174261408 -2.81534695625305
-0.104740931579467 -0.993540930069711 -0.043654982855104 126.073699951172 0.992008387239178 -0.101272793847292 -0.0752541086817857 86.4124145507812 0.0703469750521764 -0.0511882945855583 0.996208342465787 -2.79935431480408
-0.104756402091465 -0.994034958407278 -0.0303413527234996 126.052703857422 0.992000890066501 -0.102284092343558 -0.073974310140232 87.1064987182617 0.0704296125796537 -0.0378479314850222 0.99679847700234 -2.81154036521912
-0.105481750903055 -0.993881705745098 -0.0327529420303092 126.006309509277 0.992124196207726 -0.102943599221722 -0.0713596151786939 87.7883987426758 0.0675513103174136 -0.0400221234380757 0.996912759528088 -2.80563497543335
-0.105687536186992 -0.993708566147672 -0.0370598200138744 125.961540222168 0.992265098974138 -0.102946979171951 -0.0693678083639297 88.4815292358398 0.0651161888670425 -0.0441044787307059 0.996902541326545 -2.81205010414124
-0.104161476600416 -0.993823494984631 -0.0382785528586784 125.930648803711 0.992485428350038 -0.101382280117006 -0.0685150187266816 89.1497268676758 0.064211068401496 -0.0451275314504413 0.996915465122258 -2.79313945770264
-0.104129074344954 -0.993793117882102 -0.0391455581929001 125.892959594727 0.9925699334796 -0.101348770580381 -0.0673301853119909 89.8263168334961 0.0629449205922499 -0.0458657339635605 0.996962522575257 -2.78695631027222
-0.103893309491391 -0.993436487794001 -0.0478552501032678 125.841453552246 0.992352957709063 -0.100315534031037 -0.0719194059913052 90.4731597900391 0.0666467371219349 -0.0549612440869764 0.996261749782361 -2.80849838256836
-0.103447341667602 -0.993487036514194 -0.0477719141352988 125.810806274414 0.992400935709655 -0.0998785919321855 -0.071865497119583 91.1173400878906 0.0666260482432149 -0.0548431869231534 0.996269639476987 -2.78923058509827
-0.10231302138243 -0.994227530629877 -0.0323057733728047 125.799095153809 0.992800867292179 -0.100025247194351 -0.0658892087340952 91.7598724365234 0.0622774723274366 -0.038814523845148 0.997303839950083 -2.79423356056213
-0.101750624253427 -0.99443534686404 -0.0272974608971995 125.761596679688 0.992449433322942 -0.0995817932218296 -0.0716071836877788 92.3747787475586 0.0684903844419674 -0.0343774252398421 0.997059306096117 -2.80752968788147
-0.100347425106759 -0.994248507844224 -0.0374205681942011 125.713989257812 0.992558496040213 -0.097427682413862 -0.0730443607532716 92.9944763183594 0.0689784474516046 -0.0444719164079665 0.996626420700439 -2.78699374198914
-0.0993005296765829 -0.99438450012821 -0.0365905822681342 125.680374145508 0.992727863402714 -0.0964862607661579 -0.0719846560542403 93.6237182617188 0.0680499377650881 -0.0434726050304788 0.996734337013646 -2.77020668983459
-0.0983813950452989 -0.994356939864668 -0.0396910223087555 125.648834228516 0.992902138957223 -0.0954026497546983 -0.071018848723092 94.244010925293 0.0668314563892774 -0.046396234359651 0.996684978252473 -2.74824357032776
-0.0981501718752251 -0.994291989506126 -0.0418328024977316 125.617080688477 0.993142128924511 -0.0951802121492424 -0.0678928491854297 94.8680953979492 0.0635236610732888 -0.0482096133481245 0.99681521741227 -2.76400351524353
-0.0969045295339618 -0.994383597381647 -0.0425531833607767 125.581123352051 0.993616557976056 -0.0941718218060119 -0.0621112203514918 95.4999008178711 0.057755067930151 -0.0483004061688005 0.997161683425668 -2.74184989929199
-0.0954740441873155 -0.994934691522613 -0.031458965197886 125.566421508789 0.993603194631584 -0.0933362739498097 -0.0635691087170299 96.0991058349609 0.0603108489778582 -0.0373269282150213 0.997481479490021 -2.73791027069092
-0.0954405472158509 -0.99490316651383 -0.0325390720195505 125.538352966309 0.993571814951108 -0.0932118585488855 -0.0642386017953625 96.672477722168 0.0608781609602288 -0.0384608721510201 0.997403935640663 -2.75453424453735
-0.0952485275514818 -0.994795668854889 -0.0361841847611328 125.508743286133 0.993461595337255 -0.0926967329729702 -0.0666436365011293 97.247428894043 0.0629426452354157 -0.0422953061661817 0.997120519539678 -2.75884461402893
-0.0957796992757797 -0.994688173376127 -0.0377052642518856 125.474746704102 0.993310408621899 -0.0930551597311347 -0.0683752102066857 97.8185348510742 0.064503343557033 -0.0440019885127517 0.996946911162719 -2.76386904716492
-0.0968341626505584 -0.994447996776714 -0.0411864862612336 125.444892883301 0.993327721610809 -0.0939552985121319 -0.0668762989479517 98.3885345458984 0.0626353129092912 -0.0473875889688194 0.996910845556651 -2.75487041473389
-0.0980052559477744 -0.994751973629598 -0.0293850432470361 125.423553466797 0.992793102967412 -0.0956806516129016 -0.0721600139084484 98.9092788696289 0.0689697361670186 -0.036245328898349 0.996960105333259 -2.72152495384216
-0.09956927367263 -0.994484001084809 -0.0329777398657628 125.394309997559 0.990746709049594 -0.0960140409616995 -0.0959284235542524 99.4315032958984 0.0922329564076956 -0.0422241107017554 0.994841799598178 -2.72376894950867
-0.100089322177806 -0.994382273910616 -0.0344386544211722 125.360656738281 0.990596707695153 -0.0963440508392598 -0.0971390064361718 99.9543838500977 0.0932753466330293 -0.0438373949982863 0.994674817470641 -2.71523857116699
-0.100392782624464 -0.994374367778181 -0.0337772986288101 125.329635620117 0.990157495221426 -0.0965244578491758 -0.101346749793733 100.465751647949 0.0975162748147614 -0.0436193276273869 0.99427759222643 -2.71370816230774
-0.100707670088584 -0.994315263517051 -0.0345705354651426 125.29621887207 0.990258923731199 -0.0968176470162152 -0.100068012856111 101.005577087402 0.0961521146728262 -0.0443113976676568 0.99437984235436 -2.72276830673218
-0.102794507550831 -0.993857203992912 -0.0410017961652188 125.261047363281 0.990700698669046 -0.0986001162457973 -0.0937557610655422 101.573303222656 0.0891370566826502 -0.0502580853963538 0.994750576766984 -2.7377564907074
-0.102330129632122 -0.993658195196725 -0.0466040308112877 125.225723266602 0.993240906124683 -0.0994825733984671 -0.0597973242765747 102.171997070312 0.0547818124024062 -0.0524080977369419 0.997122030807415 -2.71128845214844
-0.101855090653772 -0.994329445476426 -0.0305695005921719 125.202423095703 0.994316536099552 -0.100800415036489 -0.0342622586450374 102.755699157715 0.0309865542921408 -0.0338855453993948 0.998945245379388 -2.69593000411987
-0.103033896757789 -0.994056679995133 -0.0351473053868754 125.163162231445 0.994088366318415 -0.101692195034474 -0.0380396821681668 103.31632232666 0.0342393935298196 -0.0388589040777474 0.998657924168525 -2.68472504615784
-0.104100976223133 -0.993746846489398 -0.0403756342583999 125.132934570312 0.993912048615885 -0.102473943209263 -0.0404713550467535 103.885398864746 0.0360808309988308 -0.044342936929372 0.99836460152537 -2.68700766563416
-0.102784848139619 -0.993992259493409 -0.0376120068608957 125.093437194824 0.99383554298631 -0.101042339762069 -0.0456219143889476 104.487892150879 0.041547424589513 -0.0420693908037098 0.998250458485937 -2.68884992599487
-0.103798889114579 -0.993707576659476 -0.0420837582462794 125.051742553711 0.993261004243005 -0.101373046437057 -0.0561790255010569 105.078536987305 0.0515593645108002 -0.0476314764165686 0.997533395123 -2.69298315048218
-0.104041715371929 -0.994033791093779 -0.0327436043555847 125.019424438477 0.991487766863469 -0.101071625447223 -0.082076395446849 105.677879333496 0.0782772612101238 -0.0410042521354145 0.996088009005358 -2.76667881011963
-0.104559769056533 -0.993645125677751 -0.0416727598281073 124.977592468262 0.992465673352473 -0.101561305073565 -0.0685360381753763 106.330940246582 0.0638681603920671 -0.0485248959669255 0.996777905332744 -2.73030972480774
-0.105481412461892 -0.993409762585366 -0.0448409993770336 124.93717956543 0.991749906626437 -0.10178803755306 -0.0779186634738441 106.948104858398 0.0728408836540143 -0.0526900276255731 0.995950785258649 -2.73928761482239
-0.104422349621678 -0.993846225682185 -0.0369547371356396 124.916877746582 0.991972749193021 -0.101417065221317 -0.0755290920131822 107.59326171875 0.0713164620401818 -0.0445450174449543 0.996458581007209 -2.72247219085693
-0.105805810106478 -0.993506287392236 -0.0418376321008721 124.87638092041 0.991885647279441 -0.102463954293003 -0.0752595561486063 108.230560302734 0.0704839929966782 -0.0494610451035699 0.996285908636927 -2.73818802833557
-0.104308872354218 -0.993544370658015 -0.0446009269181816 124.828895568848 0.992241026076937 -0.100911798909881 -0.0726261317334077 108.89527130127 0.0676565245780327 -0.0518304193938397 0.996361481746199 -2.73070120811462
-0.104401615055812 -0.993309103381744 -0.0493693013186639 124.781524658203 0.992260903892945 -0.10067924867484 -0.0726772831896241 109.535919189453 0.0672205428369418 -0.056574853293886 0.99613286493092 -2.73316526412964
-0.104176851221878 -0.993680946569578 -0.0417775070352621 124.753509521484 0.992500849704185 -0.101168660388431 -0.0686073282651499 110.229965209961 0.0639472204709982 -0.0486115066604293 0.996768616286767 -2.71098017692566
-0.103688378597415 -0.994215823181348 -0.0279931613018784 124.735908508301 0.992593840194113 -0.101646150040529 -0.0665246464901672 110.909606933594 0.0632944590982703 -0.0346836722071364 0.997392026401698 -2.72805261611938
-0.104442805925758 -0.993893107269616 -0.0356116780326628 124.690040588379 0.992757019148266 -0.102051954114062 -0.0633947915317285 111.594451904297 0.0593734050076651 -0.0419748732392263 0.997352950962871 -2.72945189476013
-0.103589309129331 -0.993875439639851 -0.0384820154721671 124.646713256836 0.992968512640969 -0.101111090722136 -0.061563627545513 112.288597106934 0.0572956188350439 -0.0445887633117596 0.997361045082791 -2.7417733669281
-0.103067661605474 -0.9938519412115 -0.0404397833984369 124.612815856934 0.993336730978519 -0.100736190890951 -0.0559853439186621 112.999542236328 0.0515673929929421 -0.0459406007243574 0.99761228199386 -2.74712753295898
-0.101978255974778 -0.994190447214239 -0.0344353013097528 124.584396362305 0.99372744126456 -0.100211662731858 -0.0496326014863839 113.735633850098 0.0458934394672313 -0.0392807499987874 0.998173739833602 -2.75304698944092
-0.101258050913486 -0.994051948702655 -0.0400940195746892 124.540336608887 0.994037950281688 -0.0994539832872598 -0.0446929368925016 114.464416503906 0.0404395910585358 -0.0443804967159121 0.998195878065156 -2.7637414932251
-0.100849258237204 -0.99393761648959 -0.0437886017132012 124.499084472656 0.994170742304859 -0.0989906537213149 -0.0427245318386459 115.193519592285 0.0381308570322052 -0.0478420840141643 0.99812683199039 -2.76291871070862
-0.101243762181426 -0.994140254005182 -0.0378794929462154 124.464027404785 0.994152760753041 -0.0996611605292092 -0.0415685141552828 115.94066619873 0.037549818993673 -0.0418665552497781 0.998417348930326 -2.76393604278564
-0.102667405894757 -0.994146621696626 -0.0336436968246051 124.420928955078 0.993875175220433 -0.101131800354266 -0.044547671517813 116.693222045898 0.0408844695134394 -0.0380112289500031 0.998440587429375 -2.78563642501831
-0.10492389608998 -0.993742202042981 -0.0383068128152868 124.367393493652 0.993748063318794 -0.103290988245449 -0.0423763896223555 117.456283569336 0.0381544581857265 -0.0425136169485114 0.998367081636063 -2.82453751564026
-0.108512082178475 -0.992989604600722 -0.0468697469183886 124.308067321777 0.993609641017775 -0.106865133021413 -0.0363280142705732 118.221839904785 0.0310645987873523 -0.0505122608800833 0.99824020265814 -2.81775617599487
-0.112439968432065 -0.993025015193057 -0.0354763681882005 124.261161804199 0.993121617842686 -0.111134055955842 -0.0368601923533877 118.986885070801 0.0326604603844043 -0.0393769070348632 0.998690519390189 -2.83936762809753
-0.11561327901046 -0.992796440637478 -0.0314451454759479 124.206924438477 0.992964196651244 -0.114700831392713 -0.0294248780213364 119.775665283203 0.0256061298364187 -0.0346258102486357 0.999072259338345 -2.85608124732971
-0.117452952027852 -0.992367149879091 -0.0375798336983148 124.1376953125 0.992693836679432 -0.11627028436666 -0.0322516292916465 120.527236938477 0.0276360394885534 -0.0410933183637669 0.998773041540089 -2.89086627960205
-0.120378286372341 -0.991748288440766 -0.0440953574072101 124.079498291016 0.992170642339263 -0.118703595667836 -0.0388184602427988 121.287101745605 0.0332638640292075 -0.048423018806532 0.998272871813869 -2.91595935821533
-0.11905098360949 -0.992068123263403 -0.0403447903234303 124.023338317871 0.992160594849492 -0.117310236338393 -0.043077401014128 122.06428527832 0.0380028594912865 -0.045156918128445 0.998256798331785 -2.91849803924561
-0.119941508858148 -0.991795103309419 -0.0442324259371894 123.971130371094 0.991813909139276 -0.117739637406978 -0.049422134931038 122.845039367676 0.0438087216282252 -0.049798100714097 0.997798048241511 -2.97175526618958
-0.118933954042804 -0.991986686158093 -0.0426277968094768 123.911834716797 0.992025057963083 -0.116915149536474 -0.0470864331013223 123.633178710938 0.041725279496795 -0.047888018271272 0.997980830856467 -2.97585272789002
-0.117659298705569 -0.992113139142679 -0.0432181509157112 123.85905456543 0.992167220084755 -0.115604035076097 -0.0473277346110493 124.410545349121 0.0419582747190958 -0.0484481807149039 0.997944024967339 -2.98416209220886
-0.114794648327023 -0.992827525498898 -0.0334019958566958 123.81086730957 0.992441554366716 -0.113151908472532 -0.0475016502366059 125.237762451172 0.0433814462835468 -0.0386024639208342 0.998312526164822 -2.98533248901367
-0.112599794852876 -0.992995978733528 -0.0357808945965988 123.75 0.992432421234702 -0.110614860461323 -0.0533126807368415 126.024147033691 0.0489813789242039 -0.0415131167724715 0.997936614046463 -2.99295043945313
-0.110696212764294 -0.993320128546318 -0.0325802195260869 123.696670532227 0.991211775025631 -0.107953613375373 -0.0764541327185031 126.818000793457 0.0724262765174368 -0.0407570801692943 0.996540663939959 -2.99662923812866
-0.109229367448245 -0.993808414028805 -0.0203416197095288 123.66796875 0.989080503511842 -0.106627339644079 -0.101736758416944 127.587730407715 0.0989378737370966 -0.031232141232665 0.994603363403928 -3.01144146919251
-0.107620881678335 -0.994053691172564 -0.0165832714799533 123.627471923828 0.987052978242828 -0.104837873222546 -0.121389614383346 128.346649169922 0.118929239334749 -0.0294326248298261 0.992466400754648 -3.00098013877869
-0.108201091971464 -0.993878212677734 -0.0223298468578468 123.585807800293 0.985238648102136 -0.104209153147386 -0.135813322933281 129.095550537109 0.132654928223787 -0.0366953779762068 0.990482770800747 -2.98182010650635
-0.107969380271356 -0.993735608390196 -0.0288470716223612 123.533676147461 0.986733973284252 -0.103579770841127 -0.125009187819029 129.873031616211 0.121238108243625 -0.0419615501365938 0.991736128927267 -2.91948628425598
-0.107426940935952 -0.993970427132031 -0.0219600170335 123.499084472656 0.986843092868208 -0.103920160164276 -0.123860043475454 130.599304199219 0.120831131830557 -0.0349769967035397 0.992056675438529 -2.87943911552429
-0.10902519733662 -0.993809231397769 -0.0213709600693837 123.458518981934 0.987025744833154 -0.105681641312829 -0.120878326121704 131.311462402344 0.117871478239096 -0.0342724711394221 0.992437258641436 -2.8245222568512
-0.107968007606378 -0.993968588276111 -0.0192186069709655 123.410919189453 0.987131720238374 -0.104891585061002 -0.120700962227397 132.026931762695 0.117957094880885 -0.0320031389676991 0.992502857861616 -2.78837966918945
-0.108256069381601 -0.993806150418088 -0.0250989807208697 123.357528686523 0.986617173224047 -0.104307826865525 -0.125325299736254 132.725738525391 0.121931033545346 -0.0383303097531472 0.991798170200365 -2.74763512611389
-0.107243387740534 -0.99393158769682 -0.0244715092385375 123.318862915039 0.986938347590214 -0.103448255503558 -0.123495572751289 133.391036987305 0.120214615757951 -0.0373959544837266 0.992043340155267 -2.70371150970459
-0.107262662295926 -0.993843770987358 -0.0277358999640746 123.283584594727 0.98681559296641 -0.103020498237095 -0.124826929872255 134.067413330078 0.121201100471663 -0.0407594873938302 0.991790783094827 -2.67412686347961
-0.106864370296601 -0.993940521151769 -0.0257341557790739 123.243690490723 0.986955888653234 -0.10290793416751 -0.123806425269776 134.719421386719 0.12040797404581 -0.0386289722608044 0.991972641905137 -2.64168000221252
-0.10649022685934 -0.993750088518948 -0.0334752617918123 123.192886352539 0.987591358325766 -0.101802072037988 -0.119581131827057 135.373245239258 0.115425909325913 -0.0457941011196464 0.992259925502854 -2.59578275680542
-0.105367339130118 -0.993900280377149 -0.032556973306252 123.156440734863 0.987488321615476 -0.100712827392407 -0.121341423560451 136.005477905273 0.117322370065083 -0.044935053853896 0.992076762361391 -2.54946088790894
-0.105502459655064 -0.994012510017504 -0.028431688930382 123.119285583496 0.987433603870742 -0.101335559148873 -0.121268225017209 136.639724731445 0.117660991639416 -0.0408685010819782 0.992212505799913 -2.50225377082825
-0.105267919470546 -0.994102800371002 -0.0260439517906829 123.080284118652 0.986314733549107 -0.101029750945416 -0.13029288471694 137.281967163086 0.126893307602479 -0.0394031942669611 0.991133430354996 -2.46813797950745
-0.106389240887808 -0.993933868681041 -0.0278710263904126 123.035789489746 0.985747477541028 -0.101756354072861 -0.133968484828705 137.898574829102 0.130319760377375 -0.0417265993646443 0.990593585160254 -2.43106913566589
-0.108222986314035 -0.993651967032469 -0.0307173183363674 122.994369506836 0.985333011587639 -0.10311377913953 -0.135964719053134 138.527038574219 0.131934231755469 -0.044981295713548 0.99023736625469 -2.40311026573181
-0.10887437973464 -0.993741948112706 -0.0249661770914304 122.963050842285 0.984979261380293 -0.104460082597442 -0.137491620815478 139.17204284668 0.134023222197234 -0.0395604816060022 0.990188236754493 -2.37972712516785
-0.109921969647823 -0.993393547188263 -0.0329609009807599 122.922302246094 0.985323582784056 -0.104551986154438 -0.134930794857047 139.816497802734 0.130593253264995 -0.0473090117829858 0.990306649278789 -2.33425211906433
-0.108804622130813 -0.993597778237543 -0.0304139652855396 122.879257202148 0.985568222198775 -0.103832985958407 -0.133693643898678 140.436935424805 0.129679734711775 -0.0445215241021717 0.990555904680147 -2.27632832527161
-0.108938468514998 -0.993569247523453 -0.0308635781024415 122.839485168457 0.985737698150619 -0.103969133248856 -0.132331439107266 141.042709350586 0.128271588913233 -0.0448393767481238 0.990724901155974 -2.23875904083252
-0.107889501602442 -0.993705182344204 -0.030163985582949 122.804893493652 0.985948523350441 -0.103056499391751 -0.131471925657925 141.623001098633 0.127535739097171 -0.0439245775778195 0.990860871534217 -2.19053554534912
-0.107621077884027 -0.993647612030862 -0.0328956942539087 122.77059173584 0.986429446140531 -0.102595632761285 -0.128183789635024 142.200119018555 0.123994561904807 -0.0462445590710721 0.991204716178428 -2.16827368736267
-0.107563419313728 -0.993605824058892 -0.0343158450542863 122.731330871582 0.986372090258966 -0.102330786926254 -0.128835203283929 142.76008605957 0.124499840898278 -0.0477061468083978 0.991072102913304 -2.13840651512146
-0.106083183557815 -0.993749719272063 -0.0347541884228955 122.712051391602 0.986548261838639 -0.100814058647735 -0.128681982585483 143.30305480957 0.124373973279777 -0.0479376785594196 0.991076734539226 -2.11269354820252
-0.104165247002586 -0.993995328936689 -0.033509511618835 122.677291870117 0.987014645841352 -0.0991738986844555 -0.126359118050088 143.860488891602 0.122277104200096 -0.0462366074854974 0.99141842121108 -2.08127880096436
-0.102474774944961 -0.994185659056041 -0.0330725842244641 122.647094726562 0.987182442764847 -0.0975510428490364 -0.126311593830076 144.395355224609 0.122350910077564 -0.0455924266339291 0.991439148630324 -2.04121088981628
-0.101184545040632 -0.994402374938331 -0.0304237499648951 122.617134094238 0.987054454579686 -0.0965178584790554 -0.128092961122052 144.932754516602 0.124439509559138 -0.0429909259219105 0.991295409425998 -2.01100516319275
-0.100544909031564 -0.994422686660464 -0.031847158787237 122.579986572266 0.986949600061838 -0.0956403489528794 -0.129550803123524 145.474243164062 0.125782384321547 -0.0444572143431901 0.991061223077177 -1.96758472919464
-0.0994818989910001 -0.994518667813693 -0.0321865056074937 122.558319091797 0.987043644335372 -0.0945384143360521 -0.129643096198648 146.002090454102 0.125889618119571 -0.0446666271941559 0.991038191224136 -1.92874050140381
-0.0999124448527687 -0.994577382524482 -0.028867516940205 122.532936096191 0.986810165923125 -0.0953347895836846 -0.130831855164596 146.537551879883 0.127370325407128 -0.0415584896956704 0.990984203779201 -1.90441989898682
-0.0994317254956062 -0.994669753300124 -0.0273022679431222 122.507926940918 0.986647210715999 -0.0949983817045718 -0.132297350917738 147.075317382812 0.128998502128145 -0.0400922603925507 0.990833990689314 -1.88004231452942
-0.100168319665476 -0.994529698378697 -0.0296139625543856 122.477157592773 0.986700113846952 -0.0954620784075687 -0.131567005440264 147.604873657227 0.128020283821768 -0.0423989460822415 0.990864842600296 -1.84862720966339
-0.100559379150781 -0.994504411042609 -0.0291339609666021 122.448440551758 0.986789466545288 -0.0959552939291671 -0.130534019635625 148.110595703125 0.12702110053088 -0.0418755057731988 0.991015682033419 -1.81389832496643
-0.100974629772185 -0.994352686926147 -0.0326627945087613 122.41788482666 0.987238732328696 -0.0960805899146082 -0.126996872527204 148.621841430664 0.123141420863982 -0.0450694380308021 0.991365188123523 -1.77469718456268
-0.101621676121509 -0.99414983494338 -0.0365942703753645 122.392967224121 0.987504203874384 -0.0963519585348708 -0.124706645440059 149.130783081055 0.120451161358756 -0.0488098941664979 0.991518588811517 -1.75746595859528
-0.102743974903132 -0.993821871497104 -0.0419733648293538 122.339073181152 0.988950381432598 -0.0975248260795209 -0.111651472728656 150.093826293945 0.106868230477645 -0.0529810912699298 0.992860607176266 -1.73151552677155
-0.103365236242947 -0.993568281411928 -0.0462352474697473 122.281471252441 0.990103527748373 -0.0983459622994925 -0.100115313711807 150.949645996094 0.0949243502830881 -0.0561261246794735 0.993901014111465 -1.7054328918457
-0.104162070488375 -0.993504364636307 -0.0458185608698388 122.228614807129 0.990392638617705 -0.099402343544025 -0.0961332173071032 151.727966308594 0.0909542986528611 -0.0553918003549624 0.994313363085301 -1.65686333179474
-0.105510285511602 -0.992714449929926 -0.0581859136869401 122.160926818848 0.990486594429147 -0.0997150854480271 -0.0948325260142487 152.429916381836 0.0883396055425356 -0.0676381743870754 0.993791321887132 -1.62353599071503
-0.105502178320413 -0.992344880086608 -0.0641944649914949 122.108375549316 0.99073790677146 -0.0993429475432232 -0.0925709396059651 153.050491333008 0.0854850305945706 -0.0733663256495841 0.993634586658961 -1.60560464859009
-0.106358555039481 -0.991601958073093 -0.0735759098857918 122.051498413086 0.991068540705216 -0.099732950749716 -0.0885239298675106 153.618576049805 0.0804425595959434 -0.0823340469086949 0.993352958079499 -1.58757877349854
-0.107082660278388 -0.990958338169376 -0.0808385791580481 121.991409301758 0.991324939850432 -0.100181844572932 -0.0850791493169907 154.315521240234 0.076211334447321 -0.0892478012645319 0.993089453408506 -1.56643426418304
-0.108246495963907 -0.989713233611982 -0.0935436332673208 121.930541992188 0.991459206335101 -0.100592145311955 -0.08300519546938 154.939544677734 0.0727415856639601 -0.101729717953279 0.992149044347793 -1.55794894695282
-0.108927043567638 -0.988527099646666 -0.10463781555329 121.87678527832 0.99138493127246 -0.100328954124211 -0.0842022506245646 155.46467590332 0.0727380039973188 -0.112908255803074 0.990939407101158 -1.54485750198364
-0.0981145013099822 -0.988073092507805 -0.118680699756768 121.833602905273 0.992535781352751 -0.0884762214959592 -0.0839325977453448 156.039123535156 0.0724311215374813 -0.12602984603601 0.989378699255731 -1.55511498451233
-0.0772264193740663 -0.98811623296381 -0.132899925899415 121.812164306641 0.994335528205179 -0.0665681592757902 -0.0828585392072559 156.538787841797 0.0730269641953449 -0.138545986315166 0.987659897017374 -1.56075918674469
-0.0449452612066449 -0.988295897849013 -0.145777713625507 121.816871643066 0.996243534224327 -0.0335298375673679 -0.0798409074906322 157.121246337891 0.0740185382947288 -0.148818575075559 0.986090405440187 -1.534832239151
0.00556483967251317 -0.98899533610432 -0.147842002568019 121.883171081543 0.996353166244548 0.0180718619992008 -0.083389303380862 157.741058349609 0.0851434123927554 -0.146838799258864 0.98548920154324 -1.47518765926361
0.0655961147715009 -0.985677244024861 -0.155362544837678 122.007331848145 0.992901920481856 0.0799554507710701 -0.0880505661278579 158.363845825195 0.0992115216611729 -0.14848399409886 0.983925595492934 -1.49495244026184
0.132908719932442 -0.978456740800165 -0.157979994140517 122.164520263672 0.984156855104086 0.149158588954855 -0.09584883876517 158.975952148438 0.117348015396745 -0.142737947735403 0.982779386006204 -1.4650102853775
0.206203655864054 -0.963416198566402 -0.171199534602645 122.361389160156 0.967825597203467 0.226589749715807 -0.109410688332907 159.536727905273 0.144200089133299 -0.143130407892913 0.979142492505742 -1.40697288513184
0.278058699018423 -0.944710982326044 -0.173794475668082 122.592216491699 0.946098559378636 0.300632822733719 -0.120488264311619 160.015167236328 0.166074910332212 -0.130923893036061 0.97738327097942 -1.35075199604034
0.371194970580986 -0.911671796182714 -0.17626352390771 122.960472106934 0.910338723747263 0.394711977631368 -0.124442206507838 160.595840454102 0.183023774033827 -0.11426719021363 0.976445240338185 -1.29998135566711
0.450464026860016 -0.874597374880299 -0.179336533805991 123.322799682617 0.870576306427013 0.474834783905158 -0.128952792453835 161.085754394531 0.197936998039676 -0.0980375430446444 0.975299741085176 -1.23321735858917
0.527496280684759 -0.830613503996525 -0.178406504484451 123.75170135498 0.824007511353883 0.55133766944867 -0.130531205002058 161.54118347168 0.206783207964589 -0.0781535746176928 0.975260336360682 -1.1469829082489
0.609336116031473 -0.771779002836873 -0.181842427611932 124.262145996094 0.764584123523938 0.632659388612434 -0.123098399890791 162.026779174805 0.210049079395295 -0.0640255322559906 0.975592187066156 -1.09745895862579
0.667125074258615 -0.723748954431828 -0.176441452766272 124.677543640137 0.716144565489265 0.688306185721808 -0.115635444467891 162.338150024414 0.205136775385663 -0.0492142830480268 0.977495195757217 -1.01656877994537
0.7215898706071 -0.669743926023286 -0.17536000739092 125.119010925293 0.662305217577103 0.741567444067673 -0.106908955046266 162.636871337891 0.201642895752306 -0.0389974288107902 0.978682452657026 -0.945365071296692
0.774693254996877 -0.608178361310461 -0.173116843478806 125.586402893066 0.601471634835589 0.793215610480556 -0.0950834779452335 162.901321411133 0.19514669648894 -0.0304643418389577 0.98030081644655 -0.896300315856934
0.823760531001474 -0.540211198048038 -0.172018746268171 126.111305236816 0.533659515392833 0.84127627769159 -0.0863813997575222 163.141494750977 0.191379490005738 -0.0206418530390476 0.981299039390265 -0.837826013565064
0.8664961638429 -0.469372884416684 -0.16992202158608 126.712036132812 0.462763188979939 0.882942709209602 -0.0791353472142867 163.364837646484 0.187175396274872 -0.0100631818015371 0.982274963236554 -0.764627933502198
0.900107524796382 -0.401466987810831 -0.169206091802358 127.383476257324 0.396188818049409 0.915837035675965 -0.0653983527076449 163.579559326172 0.181220485203915 -0.00817201213649697 0.983408538685779 -0.700842022895813
0.92393191098488 -0.344691100892279 -0.165945379054365 128.159530639648 0.339642930721271 0.938713984722458 -0.0588110066020953 163.768402099609 0.176046878628661 -0.00202480916485858 0.984379701473446 -0.652333915233612
0.939732207212511 -0.303718463072835 -0.157030168808981 128.985931396484 0.298125473183514 0.95272605295218 -0.0586026472547518 163.964447021484 0.167405438880008 0.00825610167293958 0.985853567127775 -0.560887277126313
0.949719971314146 -0.272142708399411 -0.154823520022287 129.847854614258 0.265941127843049 0.962129287846578 -0.0598544065997084 164.141967773438 0.165249183382627 0.0156709837875424 0.986127338460153 -0.502955257892609
0.955575486020557 -0.252016174555766 -0.152850705850036 130.768081665039 0.245732343413023 0.967539823787993 -0.0590110564643975 164.3203125 0.162760885710666 0.0188291568206891 0.986485862512029 -0.434103429317475
0.958794797384198 -0.238759060179845 -0.153969632366358 131.743408203125 0.232374067988018 0.970866799235665 -0.0584803442927238 164.510177612305 0.163446716197343 0.0202921000375101 0.986343450143191 -0.367941796779633
0.959635231087603 -0.235149625825077 -0.154288290967815 132.259262084961 0.229361349350854 0.971811049736043 -0.0545587301436265 164.60871887207 0.162768530986177 0.01696870900381 0.986518356765522 -0.334027498960495
0.960643671419593 -0.230141253902747 -0.155559441415671 132.796630859375 0.224441636147306 0.97301761115748 -0.0535040217265202 164.707885742188 0.16367555872825 0.0164842843175838 0.986376489909169 -0.29520446062088
0.961685251160845 -0.225684991270956 -0.155652698064409 133.345031738281 0.219505229865353 0.974000644260651 -0.0560374789011368 164.799163818359 0.164252646132293 0.0197238357036697 0.986221090092721 -0.271832287311554
0.963099309672524 -0.220244449573155 -0.15470003923893 133.917694091797 0.214178388754893 0.975241958874453 -0.055052152011319 164.89421081543 0.162994900222879 0.0198872844535755 0.986426458697452 -0.233465626835823
0.964506288488256 -0.213491833978845 -0.15539902281211 134.507736206055 0.208648705019434 0.976859183314785 -0.047030350490761 164.997039794922 0.161843558291094 0.0129372639271134 0.986731619966522 -0.19170892238617
0.96653247648898 -0.204432579723199 -0.154991265043538 135.117492675781 0.199540391572761 0.978778064015505 -0.0466597635339972 165.090957641602 0.161240826167158 0.0141711590837594 0.986813343154193 -0.14243446290493
0.968724197700133 -0.195452361538424 -0.152878393369654 135.755477905273 0.191417052660487 0.98065923041714 -0.0408287367969478 165.189208984375 0.157901680614888 0.0102882538224436 0.987401241184291 -0.102346107363701
0.970171959200728 -0.187628726003772 -0.153498634387487 136.397155761719 0.183872451599106 0.982198140370584 -0.0384413136547238 165.281112670898 0.157978767951761 0.00907051436071097 0.987400848007371 -0.0619201324880127
0.971751976530788 -0.180130195288061 -0.152483470756641 137.071060180664 0.175781557159705 0.983547819674101 -0.0416476959366619 165.359451293945 0.157476792801403 0.0136674489136857 0.987428104000071 0.00623757904395426
0.97280544422368 -0.175075433861447 -0.151651442943991 137.754776000977 0.16992282785602 0.984364534281303 -0.0463971574836898 165.433944702148 0.157403304483044 0.0193663653631482 0.987344490859416 0.0387686938047406
