1604559016.00704
1604559017.0077
1604559017.80791
1604559018.40781
1604559018.8085
1604559019.20795
1604559019.60783
1604559020.00823
1604559020.40769
1604559020.80712
1604559021.20793
1604559021.60737
1604559022.00816
1604559022.40771
1604559022.80844
1604559023.20789
1604559023.60733
1604559024.0082
1604559024.40758
1604559024.80846
1604559025.20784
1604559025.6073
1604559026.00825
1604559026.40754
1604559026.60794
1604559027.00739
1604559027.20779
1604559027.40824
1604559027.60723
1604559027.80763
1604559028.00805
1604559028.20721
1604559028.40751
1604559028.60787
1604559029.0074
1604559029.20811
1604559029.60726
1604559029.80761
1604559030.00851
1604559030.20838
1604559030.40743
1604559030.6079
1604559030.80824
1604559031.00731
1604559031.20772
1604559031.60716
1604559032.00805
1604559032.40741
1604559032.80817
1604559033.00729
1604559033.20766
1604559033.60849
1604559034.00791
1604559034.40737
1604559034.60785
1604559035.00724
1604559035.20763
1604559035.60841
1604559035.80746
1604559036.20833
1604559036.6077
1604559037.00724
1604559037.40797
1604559037.80748
1604559038.20872
1604559038.60775
1604559039.00714
1604559039.40791
1604559039.80739
1604559040.20823
1604559040.60764
1604559041.0085
1604559041.40788
1604559041.80741
1604559042.4072
1604559042.80797
1604559043.20744
1604559043.60823
1604559044.00774
1604559044.40895
1604559044.80791
1604559045.2092
1604559045.60818
1604559046.00831
1604559046.40843
1604559046.8085
1604559047.20736
1604559047.60811
1604559048.00759
1604559048.40837
1604559048.80784
1604559049.20727
1604559049.60817
1604559050.00887
1604559050.40832
1604559050.80814
1604559051.2086
1604559051.6086
1604559052.00883
1604559052.40846
1604559052.80773
1604559053.20911
1604559053.60798
1604559054.00745
1604559054.40825
1604559054.80771
1604559055.2085
1604559055.60796
1604559056.0074
1604559056.40821
1604559056.80769
1604559057.20844
1604559057.6079
1604559058.00734
1604559058.40813
1604559058.80776
1604559059.20842
1604559059.6083
1604559059.80827
1604559060.00729
1604559060.20771
1604559060.40811
1604559060.60852
1604559060.80755
1604559061.00796
1604559061.20848
1604559061.40741
1604559061.60783
1604559061.8082
1604559062.0086
1604559062.20771
1604559062.40807
1604559062.60847
1604559062.80751
1604559063.00791
1604559063.40737
1604559063.60775
1604559063.80818
1604559064.20763
1604559064.60842
1604559064.80747
1604559065.20826
1604559065.40733
1604559065.80809
1604559066.20892
1604559066.60838
1604559067.00784
1604559067.40862
1604559067.80809
1604559068.20751
1604559068.60829
1604559069.00776
1604559069.40858
1604559069.808
1604559070.20882
1604559070.60828
1604559071.00774
1604559071.40852
1604559071.80799
1604559072.20877
1604559072.60823
1604559073.00771
1604559073.40848
1604559073.80793
1604559074.20793
1604559074.60819
1604559075.00764
1604559075.40845
1604559075.8079
1604559076.20736
1604559076.60812
1604559077.0076
1604559077.208
1604559077.4084
1604559077.60744
1604559078.00823
1604559078.20865
1604559078.4077
1604559078.80849
1604559079.00755
1604559079.20801
1604559079.40834
1604559079.60743
1604559079.80781
1604559080.0082
1604559080.20861
1604559080.40769
1604559080.60807
1604559080.80845
1604559081.00752
1604559081.20789
1604559081.40836
1604559081.60737
1604559081.80774
1604559082.00838
1604559082.20855
1604559082.40763
1604559082.60801
1604559082.80839
1604559083.00748
1604559083.20789
1604559083.40824
1604559083.60866
1604559083.80771
1604559084.00813
1604559084.20851
1604559084.40755
1604559084.60799
1604559084.80841
1604559085.00746
1604559085.20783
1604559085.40823
1604559085.60728
1604559085.80766
1604559086.00808
1604559086.20853
1604559086.40753
1604559086.60797
1604559086.80832
1604559087.00871
1604559087.20778
1604559087.40817
1604559087.60857
1604559087.80763
1604559088.00802
1604559088.20839
1604559088.40749
1604559088.60788
1604559088.80835
1604559089.00867
1604559089.20771
1604559089.40812
1604559089.60856
1604559089.80759
1604559090.00799
1604559090.20955
1604559090.40752
1604559090.60785
1604559090.80823
1604559091.00868
1604559091.20769
1604559091.40805
1604559091.60846
1604559091.80753
1604559092.00794
1604559092.20838
1604559092.40776
1604559092.60779
1604559092.80819
1604559093.00858
1604559093.20769
1604559093.40804
1604559093.60841
1604559093.80746
1604559094.00787
1604559094.20834
1604559094.40869
1604559094.60774
1604559094.80812
1604559095.00853
1604559095.20757
1604559095.40799
1604559095.60837
1604559095.80884
1604559096.00785
1604559096.20824
1604559096.40861
1604559096.6077
1604559096.80813
1604559097.00847
1604559097.20756
1604559097.40795
1604559097.60835
1604559097.80737
1604559098.00778
1604559098.20817
1604559098.40861
1604559098.60765
1604559098.80805
1604559099.00841
1604559099.2075
1604559099.40788
1604559099.60828
1604559099.80734
1604559100.00781
1604559100.20815
1604559100.40853
1604559100.60758
1604559100.80801
1604559101.00838
1604559101.20748
1604559101.40784
1604559101.60828
1604559101.80863
1604559102.00775
1604559102.20808
1604559102.40849
1604559102.60755
1604559102.80796
1604559103.00833
1604559103.20878
1604559103.4078
1604559103.6082
1604559103.8086
1604559104.00768
1604559104.20806
1604559104.40843
1604559104.60753
1604559104.80792
1604559105.00829
1604559105.2087
1604559105.40776
1604559105.60817
1604559105.80856
1604559106.0076
1604559106.208
1604559106.40842
1604559106.60753
1604559106.80783
1604559107.00826
1604559107.20866
1604559107.4077
1604559107.60811
1604559107.80851
1604559108.00756
1604559108.20795
1604559108.40834
1604559108.60743
1604559108.80784
1604559109.00822
1604559109.20865
1604559109.40766
1604559109.60809
1604559109.80846
1604559110.00798
1604559110.2079
1604559110.40832
1604559110.60869
1604559110.80776
1604559111.00818
1604559111.20858
1604559111.40897
1604559111.60803
1604559111.80841
1604559112.00754
1604559112.20793
1604559112.40827
1604559112.60867
1604559112.80906
1604559113.00813
1604559113.20852
1604559113.40889
1604559113.60799
1604559113.80834
1604559114.00877
1604559114.20914
1604559114.40823
1604559114.60861
1604559114.80902
1604559115.00807
1604559115.20848
1604559115.60794
1604559116.00874
1604559116.4085
1604559116.80898
1604559117.20901
1604559117.6079
1604559118.20904
1604559119.00801
1604559119.80825
1604559120.4081
1604559120.80885
1604559121.2087
1604559121.60914
1604559122.00858
1604559122.40806
1604559122.80904
1604559123.20831
1604559123.80814
1604559124.40801
1604559125.00787
1604559125.6077
1604559126.00848
1604559126.40794
1604559126.80874
1604559127.20821
1604559127.60766
1604559128.00845
1604559128.40791
1604559128.80867
1604559129.20815
1604559129.60759
1604559130.00842
1604559130.2088
1604559130.40786
1604559130.60827
1604559130.80867
1604559131.00772
1604559131.20809
1604559131.40857
1604559131.60754
1604559131.80794
1604559132.00837
